# Table Tennis MOCAP Dataset TTMD6 (Jun Zhang, figshare 31746358, CC BY 4.0); class 5 "backhand drive" = backhand topspin/loop (lowest backswing, steepest rise, fastest of the backhand classes), infrared motion capture
meta -0.6 0.008333333333333333 121 73 -0.2083333333333347 0.13333333333333075
dir pelvis-hipP 0.9403 -0.1261 -0.3162 0.9404 -0.1252 -0.3163 0.9407 -0.1244 -0.3156 0.9410 -0.1233 -0.3151 0.9412 -0.1222 -0.3149 0.9416 -0.1204 -0.3145 0.9418 -0.1194 -0.3141 0.9420 -0.1182 -0.3142 0.9421 -0.1168 -0.3142 0.9426 -0.1147 -0.3135 0.9426 -0.1134 -0.3140 0.9432 -0.1117 -0.3130 0.9432 -0.1105 -0.3133 0.9435 -0.1084 -0.3133 0.9437 -0.1064 -0.3131 0.9441 -0.1040 -0.3129 0.9440 -0.1026 -0.3134 0.9445 -0.0994 -0.3132 0.9444 -0.0976 -0.3140 0.9448 -0.0945 -0.3137 0.9448 -0.0914 -0.3145 0.9449 -0.0888 -0.3152 0.9450 -0.0847 -0.3160 0.9452 -0.0815 -0.3162 0.9453 -0.0776 -0.3168 0.9451 -0.0732 -0.3185 0.9452 -0.0692 -0.3190 0.9449 -0.0647 -0.3209 0.9449 -0.0601 -0.3217 0.9447 -0.0544 -0.3233 0.9444 -0.0500 -0.3251 0.9440 -0.0435 -0.3270 0.9436 -0.0376 -0.3289 0.9431 -0.0316 -0.3310 0.9425 -0.0247 -0.3333 0.9422 -0.0181 -0.3347 0.9415 -0.0111 -0.3368 0.9411 -0.0043 -0.3381 0.9403 0.0028 -0.3403 0.9395 0.0102 -0.3423 0.9385 0.0178 -0.3449 0.9378 0.0263 -0.3462 0.9367 0.0338 -0.3484 0.9357 0.0418 -0.3504 0.9346 0.0508 -0.3521 0.9335 0.0590 -0.3538 0.9319 0.0678 -0.3564 0.9307 0.0773 -0.3576 0.9293 0.0858 -0.3591 0.9279 0.0945 -0.3608 0.9261 0.1027 -0.3630 0.9245 0.1100 -0.3650 0.9228 0.1180 -0.3667 0.9215 0.1241 -0.3681 0.9198 0.1306 -0.3700 0.9183 0.1366 -0.3716 0.9168 0.1425 -0.3729 0.9159 0.1468 -0.3736 0.9148 0.1502 -0.3749 0.9145 0.1525 -0.3748 0.9138 0.1536 -0.3761 0.9133 0.1548 -0.3766 0.9133 0.1535 -0.3771 0.9138 0.1514 -0.3769 0.9141 0.1479 -0.3776 0.9150 0.1439 -0.3769 0.9161 0.1382 -0.3765 0.9170 0.1320 -0.3765 0.9185 0.1240 -0.3755 0.9197 0.1159 -0.3752 0.9210 0.1074 -0.3744 0.9223 0.0980 -0.3738 0.9236 0.0887 -0.3729 0.9251 0.0803 -0.3711 0.9259 0.0720 -0.3708 0.9271 0.0649 -0.3693 0.9278 0.0586 -0.3685 0.9286 0.0544 -0.3672 0.9290 0.0513 -0.3665 0.9293 0.0498 -0.3659 0.9295 0.0494 -0.3655 0.9299 0.0505 -0.3642 0.9300 0.0531 -0.3636 0.9305 0.0559 -0.3621 0.9312 0.0585 -0.3599 0.9315 0.0615 -0.3584 0.9325 0.0629 -0.3556 0.9336 0.0622 -0.3529 0.9347 0.0598 -0.3503 0.9360 0.0552 -0.3477 0.9373 0.0489 -0.3450 0.9383 0.0400 -0.3435 0.9397 0.0299 -0.3406 0.9403 0.0191 -0.3397 0.9408 0.0058 -0.3390 0.9410 -0.0072 -0.3384 0.9410 -0.0206 -0.3379 0.9411 -0.0345 -0.3364 0.9407 -0.0487 -0.3359 0.9400 -0.0624 -0.3353 0.9392 -0.0753 -0.3349 0.9380 -0.0890 -0.3351 0.9368 -0.1018 -0.3347 0.9353 -0.1150 -0.3345 0.9339 -0.1272 -0.3341 0.9322 -0.1396 -0.3340 0.9304 -0.1508 -0.3341 0.9286 -0.1623 -0.3337 0.9266 -0.1733 -0.3337 0.9246 -0.1840 -0.3336 0.9226 -0.1933 -0.3339 0.9204 -0.2028 -0.3342 0.9185 -0.2109 -0.3344 0.9166 -0.2193 -0.3344 0.9151 -0.2261 -0.3339 0.9133 -0.2327 -0.3344 0.9118 -0.2393 -0.3338 0.9099 -0.2453 -0.3346 0.9088 -0.2498 -0.3343 0.9073 -0.2545 -0.3346 0.9065 -0.2581 -0.3341
dir pelvis-hipN -0.9556 -0.0464 -0.2911 -0.9555 -0.0495 -0.2907 -0.9556 -0.0528 -0.2899 -0.9556 -0.0562 -0.2893 -0.9553 -0.0599 -0.2896 -0.9553 -0.0629 -0.2889 -0.9552 -0.0668 -0.2884 -0.9551 -0.0706 -0.2878 -0.9550 -0.0746 -0.2871 -0.9551 -0.0789 -0.2855 -0.9549 -0.0831 -0.2849 -0.9548 -0.0879 -0.2839 -0.9546 -0.0922 -0.2832 -0.9545 -0.0972 -0.2818 -0.9543 -0.1021 -0.2810 -0.9541 -0.1066 -0.2797 -0.9540 -0.1116 -0.2782 -0.9540 -0.1169 -0.2761 -0.9536 -0.1223 -0.2751 -0.9530 -0.1279 -0.2745 -0.9528 -0.1330 -0.2730 -0.9524 -0.1394 -0.2710 -0.9522 -0.1444 -0.2692 -0.9517 -0.1504 -0.2676 -0.9513 -0.1567 -0.2655 -0.9506 -0.1628 -0.2641 -0.9503 -0.1688 -0.2618 -0.9495 -0.1756 -0.2600 -0.9488 -0.1823 -0.2580 -0.9481 -0.1887 -0.2560 -0.9472 -0.1965 -0.2534 -0.9464 -0.2031 -0.2511 -0.9455 -0.2103 -0.2486 -0.9443 -0.2176 -0.2468 -0.9431 -0.2251 -0.2446 -0.9420 -0.2328 -0.2419 -0.9405 -0.2401 -0.2403 -0.9388 -0.2484 -0.2384 -0.9373 -0.2558 -0.2365 -0.9358 -0.2633 -0.2346 -0.9340 -0.2710 -0.2330 -0.9321 -0.2788 -0.2314 -0.9299 -0.2868 -0.2305 -0.9277 -0.2953 -0.2285 -0.9254 -0.3031 -0.2274 -0.9232 -0.3109 -0.2259 -0.9208 -0.3185 -0.2251 -0.9187 -0.3252 -0.2243 -0.9160 -0.3329 -0.2240 -0.9138 -0.3392 -0.2233 -0.9119 -0.3446 -0.2227 -0.9102 -0.3497 -0.2221 -0.9086 -0.3540 -0.2219 -0.9071 -0.3575 -0.2223 -0.9058 -0.3606 -0.2227 -0.9052 -0.3614 -0.2235 -0.9052 -0.3613 -0.2239 -0.9049 -0.3611 -0.2252 -0.9052 -0.3595 -0.2266 -0.9063 -0.3561 -0.2278 -0.9076 -0.3515 -0.2295 -0.9096 -0.3456 -0.2305 -0.9119 -0.3385 -0.2320 -0.9144 -0.3305 -0.2336 -0.9176 -0.3206 -0.2350 -0.9208 -0.3106 -0.2361 -0.9238 -0.2999 -0.2380 -0.9274 -0.2880 -0.2389 -0.9307 -0.2758 -0.2402 -0.9336 -0.2640 -0.2421 -0.9368 -0.2516 -0.2432 -0.9394 -0.2400 -0.2447 -0.9420 -0.2279 -0.2463 -0.9443 -0.2161 -0.2481 -0.9463 -0.2055 -0.2496 -0.9481 -0.1949 -0.2512 -0.9492 -0.1867 -0.2532 -0.9503 -0.1790 -0.2548 -0.9510 -0.1730 -0.2562 -0.9513 -0.1679 -0.2585 -0.9513 -0.1654 -0.2600 -0.9514 -0.1638 -0.2608 -0.9509 -0.1638 -0.2624 -0.9503 -0.1639 -0.2647 -0.9497 -0.1643 -0.2667 -0.9488 -0.1637 -0.2701 -0.9482 -0.1623 -0.2731 -0.9477 -0.1590 -0.2768 -0.9475 -0.1535 -0.2804 -0.9475 -0.1465 -0.2842 -0.9481 -0.1364 -0.2872 -0.9485 -0.1252 -0.2909 -0.9494 -0.1127 -0.2932 -0.9501 -0.0980 -0.2961 -0.9511 -0.0837 -0.2975 -0.9516 -0.0681 -0.2996 -0.9522 -0.0528 -0.3008 -0.9525 -0.0374 -0.3023 -0.9527 -0.0225 -0.3032 -0.9525 -0.0074 -0.3045 -0.9520 0.0078 -0.3061 -0.9514 0.0214 -0.3071 -0.9509 0.0356 -0.3075 -0.9501 0.0482 -0.3082 -0.9493 0.0606 -0.3084 -0.9482 0.0727 -0.3093 -0.9472 0.0847 -0.3091 -0.9460 0.0963 -0.3097 -0.9449 0.1068 -0.3096 -0.9438 0.1163 -0.3094 -0.9425 0.1251 -0.3100 -0.9414 0.1343 -0.3093 -0.9401 0.1428 -0.3096 -0.9392 0.1495 -0.3092 -0.9380 0.1564 -0.3094 -0.9371 0.1622 -0.3092 -0.9362 0.1673 -0.3089 -0.9355 0.1711 -0.3091 -0.9348 0.1759 -0.3086 -0.9344 0.1786 -0.3083 -0.9339 0.1823 -0.3077
dir hipP-knP 0.3377 0.2405 -0.9100 0.3378 0.2407 -0.9099 0.3377 0.2409 -0.9099 0.3376 0.2410 -0.9099 0.3373 0.2412 -0.9100 0.3371 0.2415 -0.9100 0.3369 0.2418 -0.9100 0.3366 0.2423 -0.9099 0.3364 0.2431 -0.9098 0.3362 0.2441 -0.9096 0.3359 0.2454 -0.9094 0.3356 0.2471 -0.9090 0.3352 0.2493 -0.9086 0.3353 0.2516 -0.9079 0.3351 0.2542 -0.9072 0.3351 0.2575 -0.9063 0.3350 0.2610 -0.9054 0.3352 0.2648 -0.9042 0.3355 0.2694 -0.9027 0.3357 0.2741 -0.9012 0.3360 0.2794 -0.8995 0.3365 0.2853 -0.8975 0.3370 0.2914 -0.8953 0.3373 0.2980 -0.8930 0.3380 0.3047 -0.8905 0.3385 0.3118 -0.8878 0.3389 0.3194 -0.8850 0.3393 0.3270 -0.8820 0.3392 0.3350 -0.8791 0.3394 0.3429 -0.8759 0.3396 0.3510 -0.8726 0.3394 0.3592 -0.8694 0.3389 0.3674 -0.8661 0.3382 0.3756 -0.8628 0.3374 0.3838 -0.8596 0.3362 0.3918 -0.8564 0.3347 0.3995 -0.8534 0.3327 0.4073 -0.8505 0.3307 0.4148 -0.8477 0.3284 0.4217 -0.8452 0.3258 0.4286 -0.8427 0.3229 0.4346 -0.8407 0.3199 0.4404 -0.8389 0.3166 0.4458 -0.8373 0.3132 0.4502 -0.8362 0.3097 0.4543 -0.8353 0.3063 0.4578 -0.8347 0.3026 0.4607 -0.8344 0.2987 0.4628 -0.8346 0.2951 0.4645 -0.8350 0.2914 0.4657 -0.8356 0.2880 0.4663 -0.8364 0.2847 0.4661 -0.8377 0.2815 0.4657 -0.8390 0.2786 0.4645 -0.8406 0.2760 0.4628 -0.8424 0.2737 0.4607 -0.8443 0.2718 0.4581 -0.8463 0.2699 0.4552 -0.8485 0.2683 0.4522 -0.8506 0.2670 0.4489 -0.8528 0.2662 0.4453 -0.8549 0.2652 0.4418 -0.8570 0.2646 0.4384 -0.8590 0.2642 0.4347 -0.8610 0.2638 0.4306 -0.8631 0.2636 0.4267 -0.8651 0.2635 0.4228 -0.8671 0.2633 0.4187 -0.8691 0.2634 0.4142 -0.8712 0.2638 0.4098 -0.8732 0.2640 0.4051 -0.8753 0.2645 0.4000 -0.8775 0.2647 0.3945 -0.8799 0.2654 0.3891 -0.8821 0.2658 0.3833 -0.8846 0.2666 0.3768 -0.8871 0.2675 0.3698 -0.8898 0.2682 0.3628 -0.8924 0.2690 0.3553 -0.8952 0.2700 0.3476 -0.8979 0.2707 0.3398 -0.9007 0.2715 0.3314 -0.9036 0.2721 0.3231 -0.9064 0.2726 0.3147 -0.9092 0.2730 0.3062 -0.9120 0.2732 0.2980 -0.9146 0.2736 0.2902 -0.9170 0.2736 0.2830 -0.9193 0.2741 0.2763 -0.9212 0.2746 0.2705 -0.9227 0.2754 0.2654 -0.9240 0.2766 0.2608 -0.9249 0.2783 0.2571 -0.9255 0.2804 0.2540 -0.9257 0.2830 0.2515 -0.9256 0.2859 0.2495 -0.9252 0.2891 0.2479 -0.9246 0.2926 0.2467 -0.9239 0.2965 0.2459 -0.9228 0.3007 0.2452 -0.9217 0.3052 0.2449 -0.9203 0.3098 0.2449 -0.9187 0.3148 0.2451 -0.9170 0.3199 0.2453 -0.9151 0.3248 0.2457 -0.9133 0.3301 0.2460 -0.9113 0.3349 0.2469 -0.9093 0.3399 0.2473 -0.9074 0.3447 0.2478 -0.9054 0.3493 0.2480 -0.9036 0.3535 0.2484 -0.9018 0.3574 0.2484 -0.9003 0.3609 0.2482 -0.8990 0.3639 0.2477 -0.8979 0.3666 0.2470 -0.8970 0.3688 0.2461 -0.8963 0.3706 0.2450 -0.8959 0.3719 0.2435 -0.8958 0.3730 0.2414 -0.8959 0.3735 0.2391 -0.8963
dir knP-anP 0.2049 -0.1834 -0.9615 0.2057 -0.1817 -0.9616 0.2066 -0.1798 -0.9618 0.2073 -0.1779 -0.9620 0.2083 -0.1762 -0.9621 0.2089 -0.1746 -0.9622 0.2095 -0.1730 -0.9624 0.2102 -0.1716 -0.9625 0.2107 -0.1706 -0.9625 0.2110 -0.1699 -0.9626 0.2114 -0.1695 -0.9626 0.2114 -0.1695 -0.9626 0.2115 -0.1700 -0.9625 0.2110 -0.1710 -0.9624 0.2109 -0.1721 -0.9622 0.2103 -0.1739 -0.9621 0.2098 -0.1760 -0.9618 0.2085 -0.1786 -0.9616 0.2071 -0.1821 -0.9612 0.2055 -0.1859 -0.9608 0.2038 -0.1901 -0.9604 0.2017 -0.1953 -0.9598 0.1993 -0.2007 -0.9592 0.1967 -0.2066 -0.9585 0.1939 -0.2130 -0.9576 0.1907 -0.2198 -0.9567 0.1874 -0.2271 -0.9557 0.1838 -0.2348 -0.9545 0.1803 -0.2427 -0.9532 0.1764 -0.2508 -0.9518 0.1722 -0.2593 -0.9503 0.1681 -0.2681 -0.9486 0.1640 -0.2773 -0.9467 0.1598 -0.2863 -0.9447 0.1555 -0.2956 -0.9426 0.1510 -0.3048 -0.9404 0.1467 -0.3141 -0.9380 0.1425 -0.3235 -0.9354 0.1382 -0.3327 -0.9329 0.1340 -0.3419 -0.9301 0.1299 -0.3507 -0.9274 0.1257 -0.3595 -0.9246 0.1215 -0.3680 -0.9218 0.1174 -0.3765 -0.9189 0.1134 -0.3845 -0.9161 0.1093 -0.3921 -0.9134 0.1051 -0.3995 -0.9107 0.1012 -0.4065 -0.9080 0.0973 -0.4133 -0.9054 0.0933 -0.4195 -0.9029 0.0898 -0.4253 -0.9006 0.0860 -0.4305 -0.8985 0.0823 -0.4353 -0.8965 0.0785 -0.4397 -0.8947 0.0752 -0.4436 -0.8931 0.0716 -0.4470 -0.8917 0.0682 -0.4499 -0.8905 0.0648 -0.4523 -0.8895 0.0617 -0.4541 -0.8888 0.0587 -0.4554 -0.8884 0.0561 -0.4561 -0.8882 0.0536 -0.4564 -0.8882 0.0516 -0.4561 -0.8885 0.0496 -0.4553 -0.8889 0.0480 -0.4543 -0.8896 0.0468 -0.4525 -0.8905 0.0459 -0.4504 -0.8916 0.0454 -0.4481 -0.8928 0.0452 -0.4452 -0.8943 0.0454 -0.4417 -0.8960 0.0456 -0.4383 -0.8977 0.0463 -0.4346 -0.8994 0.0469 -0.4308 -0.9012 0.0482 -0.4266 -0.9032 0.0493 -0.4225 -0.9050 0.0510 -0.4183 -0.9069 0.0525 -0.4141 -0.9087 0.0542 -0.4101 -0.9105 0.0562 -0.4061 -0.9121 0.0584 -0.4022 -0.9137 0.0607 -0.3985 -0.9152 0.0630 -0.3949 -0.9166 0.0655 -0.3915 -0.9179 0.0683 -0.3882 -0.9190 0.0712 -0.3847 -0.9203 0.0742 -0.3813 -0.9215 0.0772 -0.3776 -0.9227 0.0805 -0.3736 -0.9241 0.0838 -0.3695 -0.9254 0.0869 -0.3655 -0.9268 0.0898 -0.3612 -0.9282 0.0924 -0.3570 -0.9295 0.0949 -0.3525 -0.9310 0.0970 -0.3485 -0.9323 0.0990 -0.3444 -0.9336 0.1004 -0.3404 -0.9349 0.1019 -0.3367 -0.9361 0.1029 -0.3331 -0.9373 0.1040 -0.3298 -0.9383 0.1047 -0.3264 -0.9394 0.1053 -0.3235 -0.9404 0.1060 -0.3206 -0.9413 0.1066 -0.3176 -0.9422 0.1073 -0.3151 -0.9430 0.1080 -0.3123 -0.9438 0.1088 -0.3099 -0.9445 0.1095 -0.3073 -0.9453 0.1109 -0.3050 -0.9459 0.1119 -0.3024 -0.9466 0.1135 -0.2999 -0.9472 0.1151 -0.2970 -0.9479 0.1171 -0.2944 -0.9485 0.1193 -0.2914 -0.9491 0.1217 -0.2884 -0.9497 0.1243 -0.2850 -0.9504 0.1272 -0.2815 -0.9511 0.1302 -0.2777 -0.9518 0.1336 -0.2737 -0.9525 0.1370 -0.2694 -0.9532 0.1405 -0.2649 -0.9540 0.1446 -0.2599 -0.9547
dir hipN-knN -0.3100 0.2539 -0.9162 -0.3103 0.2547 -0.9159 -0.3107 0.2557 -0.9155 -0.3113 0.2565 -0.9151 -0.3120 0.2573 -0.9146 -0.3126 0.2579 -0.9142 -0.3133 0.2586 -0.9138 -0.3142 0.2596 -0.9132 -0.3149 0.2605 -0.9127 -0.3159 0.2615 -0.9120 -0.3169 0.2628 -0.9113 -0.3184 0.2642 -0.9104 -0.3200 0.2657 -0.9094 -0.3213 0.2678 -0.9083 -0.3231 0.2699 -0.9071 -0.3250 0.2724 -0.9056 -0.3269 0.2750 -0.9042 -0.3292 0.2781 -0.9024 -0.3317 0.2814 -0.9004 -0.3345 0.2852 -0.8982 -0.3376 0.2891 -0.8958 -0.3409 0.2935 -0.8931 -0.3442 0.2979 -0.8904 -0.3481 0.3027 -0.8873 -0.3519 0.3077 -0.8840 -0.3563 0.3128 -0.8805 -0.3606 0.3182 -0.8768 -0.3654 0.3238 -0.8727 -0.3704 0.3294 -0.8685 -0.3755 0.3350 -0.8642 -0.3809 0.3406 -0.8596 -0.3864 0.3460 -0.8549 -0.3921 0.3512 -0.8503 -0.3978 0.3564 -0.8454 -0.4037 0.3614 -0.8405 -0.4097 0.3661 -0.8355 -0.4159 0.3705 -0.8305 -0.4221 0.3746 -0.8256 -0.4281 0.3782 -0.8208 -0.4340 0.3811 -0.8163 -0.4399 0.3840 -0.8118 -0.4457 0.3863 -0.8075 -0.4515 0.3882 -0.8034 -0.4571 0.3896 -0.7995 -0.4624 0.3904 -0.7961 -0.4673 0.3905 -0.7932 -0.4723 0.3901 -0.7904 -0.4769 0.3892 -0.7881 -0.4813 0.3880 -0.7860 -0.4851 0.3861 -0.7846 -0.4886 0.3839 -0.7835 -0.4916 0.3812 -0.7830 -0.4943 0.3781 -0.7827 -0.4965 0.3745 -0.7831 -0.4983 0.3709 -0.7836 -0.4995 0.3669 -0.7848 -0.5007 0.3625 -0.7861 -0.5012 0.3583 -0.7876 -0.5015 0.3539 -0.7894 -0.5010 0.3497 -0.7916 -0.5005 0.3452 -0.7940 -0.4992 0.3408 -0.7967 -0.4978 0.3364 -0.7994 -0.4961 0.3325 -0.8021 -0.4938 0.3281 -0.8053 -0.4917 0.3242 -0.8082 -0.4893 0.3202 -0.8112 -0.4864 0.3161 -0.8146 -0.4834 0.3121 -0.8179 -0.4804 0.3081 -0.8212 -0.4771 0.3039 -0.8246 -0.4739 0.2997 -0.8280 -0.4707 0.2952 -0.8314 -0.4674 0.2908 -0.8348 -0.4641 0.2866 -0.8382 -0.4610 0.2821 -0.8414 -0.4578 0.2778 -0.8445 -0.4544 0.2732 -0.8479 -0.4509 0.2690 -0.8511 -0.4475 0.2649 -0.8541 -0.4440 0.2610 -0.8572 -0.4403 0.2574 -0.8602 -0.4368 0.2537 -0.8630 -0.4335 0.2501 -0.8658 -0.4302 0.2466 -0.8684 -0.4266 0.2426 -0.8713 -0.4231 0.2386 -0.8741 -0.4198 0.2344 -0.8768 -0.4163 0.2298 -0.8797 -0.4126 0.2253 -0.8826 -0.4088 0.2205 -0.8856 -0.4049 0.2157 -0.8885 -0.4009 0.2111 -0.8914 -0.3969 0.2069 -0.8942 -0.3930 0.2028 -0.8969 -0.3887 0.1993 -0.8996 -0.3847 0.1962 -0.9020 -0.3807 0.1936 -0.9042 -0.3765 0.1916 -0.9064 -0.3726 0.1900 -0.9083 -0.3685 0.1890 -0.9102 -0.3646 0.1883 -0.9119 -0.3606 0.1882 -0.9136 -0.3567 0.1886 -0.9150 -0.3528 0.1893 -0.9163 -0.3492 0.1904 -0.9175 -0.3454 0.1915 -0.9187 -0.3421 0.1930 -0.9196 -0.3386 0.1946 -0.9206 -0.3353 0.1962 -0.9215 -0.3322 0.1980 -0.9222 -0.3294 0.1997 -0.9228 -0.3264 0.2013 -0.9236 -0.3236 0.2030 -0.9242 -0.3209 0.2045 -0.9248 -0.3184 0.2058 -0.9253 -0.3159 0.2067 -0.9260 -0.3136 0.2077 -0.9266 -0.3112 0.2077 -0.9274 -0.3088 0.2076 -0.9282 -0.3066 0.2070 -0.9291
dir knN-anN -0.2135 -0.2237 -0.9510 -0.2132 -0.2214 -0.9516 -0.2130 -0.2191 -0.9522 -0.2128 -0.2169 -0.9527 -0.2126 -0.2145 -0.9533 -0.2126 -0.2120 -0.9539 -0.2127 -0.2095 -0.9544 -0.2126 -0.2072 -0.9549 -0.2128 -0.2046 -0.9554 -0.2128 -0.2022 -0.9559 -0.2129 -0.2001 -0.9563 -0.2129 -0.1978 -0.9569 -0.2130 -0.1959 -0.9572 -0.2131 -0.1942 -0.9575 -0.2131 -0.1925 -0.9579 -0.2131 -0.1915 -0.9581 -0.2135 -0.1904 -0.9582 -0.2135 -0.1897 -0.9583 -0.2136 -0.1892 -0.9584 -0.2137 -0.1890 -0.9584 -0.2136 -0.1891 -0.9584 -0.2136 -0.1897 -0.9583 -0.2137 -0.1903 -0.9582 -0.2135 -0.1913 -0.9580 -0.2134 -0.1924 -0.9578 -0.2133 -0.1936 -0.9576 -0.2135 -0.1953 -0.9572 -0.2135 -0.1970 -0.9569 -0.2136 -0.1989 -0.9565 -0.2136 -0.2006 -0.9561 -0.2138 -0.2024 -0.9557 -0.2143 -0.2043 -0.9552 -0.2144 -0.2060 -0.9548 -0.2153 -0.2076 -0.9542 -0.2159 -0.2092 -0.9537 -0.2169 -0.2106 -0.9532 -0.2180 -0.2117 -0.9527 -0.2193 -0.2126 -0.9522 -0.2211 -0.2133 -0.9516 -0.2230 -0.2138 -0.9511 -0.2254 -0.2139 -0.9505 -0.2278 -0.2137 -0.9500 -0.2305 -0.2132 -0.9494 -0.2336 -0.2125 -0.9488 -0.2371 -0.2111 -0.9483 -0.2411 -0.2097 -0.9476 -0.2449 -0.2080 -0.9470 -0.2490 -0.2059 -0.9464 -0.2534 -0.2038 -0.9457 -0.2581 -0.2014 -0.9449 -0.2625 -0.1992 -0.9441 -0.2670 -0.1967 -0.9434 -0.2717 -0.1943 -0.9425 -0.2764 -0.1917 -0.9417 -0.2810 -0.1897 -0.9408 -0.2855 -0.1876 -0.9398 -0.2892 -0.1856 -0.9391 -0.2932 -0.1842 -0.9381 -0.2964 -0.1833 -0.9373 -0.2996 -0.1826 -0.9364 -0.3020 -0.1823 -0.9357 -0.3043 -0.1825 -0.9349 -0.3061 -0.1829 -0.9343 -0.3074 -0.1842 -0.9336 -0.3086 -0.1855 -0.9329 -0.3088 -0.1877 -0.9324 -0.3091 -0.1895 -0.9320 -0.3092 -0.1918 -0.9315 -0.3090 -0.1942 -0.9310 -0.3086 -0.1969 -0.9306 -0.3080 -0.1996 -0.9302 -0.3070 -0.2023 -0.9300 -0.3062 -0.2054 -0.9295 -0.3051 -0.2082 -0.9293 -0.3038 -0.2112 -0.9290 -0.3023 -0.2141 -0.9289 -0.3007 -0.2169 -0.9287 -0.2993 -0.2193 -0.9286 -0.2977 -0.2217 -0.9286 -0.2961 -0.2237 -0.9286 -0.2947 -0.2255 -0.9286 -0.2936 -0.2271 -0.9286 -0.2921 -0.2285 -0.9287 -0.2906 -0.2299 -0.9288 -0.2891 -0.2314 -0.9289 -0.2880 -0.2326 -0.9290 -0.2869 -0.2340 -0.9289 -0.2855 -0.2354 -0.9290 -0.2843 -0.2370 -0.9290 -0.2830 -0.2387 -0.9289 -0.2820 -0.2405 -0.9288 -0.2809 -0.2425 -0.9286 -0.2800 -0.2447 -0.9283 -0.2792 -0.2472 -0.9279 -0.2781 -0.2497 -0.9275 -0.2774 -0.2526 -0.9269 -0.2767 -0.2558 -0.9263 -0.2758 -0.2593 -0.9256 -0.2751 -0.2632 -0.9247 -0.2744 -0.2672 -0.9238 -0.2739 -0.2717 -0.9226 -0.2734 -0.2763 -0.9214 -0.2723 -0.2815 -0.9201 -0.2715 -0.2868 -0.9187 -0.2705 -0.2921 -0.9173 -0.2693 -0.2977 -0.9159 -0.2682 -0.3030 -0.9145 -0.2669 -0.3083 -0.9131 -0.2655 -0.3137 -0.9117 -0.2641 -0.3185 -0.9104 -0.2626 -0.3232 -0.9092 -0.2610 -0.3277 -0.9080 -0.2597 -0.3317 -0.9069 -0.2582 -0.3354 -0.9060 -0.2568 -0.3385 -0.9052 -0.2554 -0.3410 -0.9047 -0.2540 -0.3430 -0.9043 -0.2524 -0.3445 -0.9042 -0.2510 -0.3451 -0.9044 -0.2497 -0.3452 -0.9047 -0.2484 -0.3448 -0.9052
dir pelvis-neck 0.0588 0.4402 0.8960 0.0580 0.4449 0.8937 0.0571 0.4497 0.8913 0.0559 0.4546 0.8890 0.0548 0.4594 0.8865 0.0536 0.4646 0.8839 0.0526 0.4697 0.8812 0.0512 0.4751 0.8784 0.0499 0.4805 0.8756 0.0486 0.4861 0.8726 0.0472 0.4918 0.8695 0.0458 0.4974 0.8663 0.0441 0.5031 0.8631 0.0425 0.5090 0.8597 0.0408 0.5148 0.8563 0.0391 0.5208 0.8528 0.0370 0.5268 0.8492 0.0350 0.5329 0.8455 0.0330 0.5389 0.8418 0.0307 0.5450 0.8379 0.0283 0.5510 0.8340 0.0255 0.5569 0.8302 0.0229 0.5628 0.8263 0.0201 0.5684 0.8225 0.0170 0.5741 0.8186 0.0138 0.5798 0.8147 0.0105 0.5851 0.8109 0.0068 0.5902 0.8073 0.0032 0.5952 0.8036 -0.0006 0.6001 0.7999 -0.0047 0.6043 0.7967 -0.0088 0.6088 0.7933 -0.0130 0.6127 0.7902 -0.0175 0.6162 0.7874 -0.0217 0.6197 0.7845 -0.0261 0.6227 0.7820 -0.0310 0.6256 0.7795 -0.0356 0.6280 0.7774 -0.0404 0.6303 0.7753 -0.0453 0.6319 0.7737 -0.0502 0.6334 0.7722 -0.0551 0.6344 0.7710 -0.0600 0.6349 0.7702 -0.0649 0.6349 0.7699 -0.0699 0.6345 0.7698 -0.0745 0.6334 0.7702 -0.0792 0.6320 0.7709 -0.0835 0.6300 0.7721 -0.0877 0.6272 0.7739 -0.0915 0.6240 0.7761 -0.0949 0.6200 0.7788 -0.0981 0.6155 0.7820 -0.1004 0.6103 0.7858 -0.1022 0.6043 0.7902 -0.1034 0.5976 0.7951 -0.1039 0.5903 0.8005 -0.1035 0.5822 0.8064 -0.1021 0.5734 0.8129 -0.0999 0.5640 0.8197 -0.0966 0.5543 0.8267 -0.0926 0.5436 0.8342 -0.0876 0.5327 0.8418 -0.0819 0.5213 0.8494 -0.0756 0.5096 0.8571 -0.0683 0.4978 0.8646 -0.0606 0.4856 0.8721 -0.0524 0.4735 0.8792 -0.0441 0.4614 0.8861 -0.0356 0.4495 0.8926 -0.0273 0.4375 0.8988 -0.0191 0.4258 0.9046 -0.0116 0.4142 0.9101 -0.0046 0.4027 0.9153 0.0019 0.3914 0.9202 0.0075 0.3806 0.9247 0.0124 0.3702 0.9289 0.0170 0.3598 0.9329 0.0204 0.3498 0.9366 0.0232 0.3403 0.9400 0.0252 0.3312 0.9432 0.0267 0.3220 0.9464 0.0277 0.3130 0.9493 0.0286 0.3038 0.9523 0.0293 0.2945 0.9552 0.0295 0.2849 0.9581 0.0299 0.2756 0.9608 0.0303 0.2661 0.9635 0.0309 0.2571 0.9659 0.0313 0.2483 0.9682 0.0322 0.2402 0.9702 0.0329 0.2328 0.9720 0.0337 0.2259 0.9736 0.0349 0.2195 0.9750 0.0359 0.2139 0.9762 0.0372 0.2085 0.9773 0.0386 0.2039 0.9782 0.0402 0.1996 0.9790 0.0415 0.1959 0.9797 0.0430 0.1927 0.9803 0.0446 0.1897 0.9808 0.0464 0.1874 0.9812 0.0483 0.1853 0.9815 0.0502 0.1839 0.9817 0.0522 0.1825 0.9818 0.0546 0.1818 0.9818 0.0566 0.1816 0.9817 0.0590 0.1816 0.9816 0.0613 0.1821 0.9814 0.0635 0.1827 0.9811 0.0657 0.1835 0.9808 0.0681 0.1847 0.9804 0.0701 0.1861 0.9800 0.0725 0.1877 0.9795 0.0744 0.1892 0.9791 0.0765 0.1912 0.9786 0.0782 0.1931 0.9781 0.0801 0.1952 0.9775 0.0819 0.1972 0.9769 0.0835 0.1994 0.9763 0.0853 0.2015 0.9758 0.0870 0.2038 0.9751
dir neck-shP 0.9975 -0.0308 -0.0629 0.9976 -0.0285 -0.0634 0.9976 -0.0258 -0.0642 0.9976 -0.0233 -0.0651 0.9976 -0.0204 -0.0663 0.9976 -0.0176 -0.0672 0.9976 -0.0148 -0.0684 0.9975 -0.0119 -0.0696 0.9974 -0.0088 -0.0710 0.9973 -0.0055 -0.0726 0.9973 -0.0023 -0.0739 0.9971 0.0013 -0.0755 0.9970 0.0049 -0.0771 0.9969 0.0084 -0.0787 0.9967 0.0117 -0.0805 0.9965 0.0154 -0.0826 0.9962 0.0194 -0.0843 0.9960 0.0234 -0.0866 0.9957 0.0275 -0.0888 0.9953 0.0315 -0.0911 0.9950 0.0356 -0.0934 0.9946 0.0401 -0.0956 0.9941 0.0450 -0.0984 0.9936 0.0496 -0.1011 0.9931 0.0549 -0.1040 0.9924 0.0598 -0.1073 0.9918 0.0651 -0.1103 0.9911 0.0704 -0.1133 0.9902 0.0762 -0.1166 0.9893 0.0821 -0.1203 0.9884 0.0881 -0.1237 0.9874 0.0944 -0.1271 0.9863 0.1009 -0.1309 0.9851 0.1072 -0.1348 0.9838 0.1137 -0.1386 0.9824 0.1204 -0.1427 0.9810 0.1273 -0.1464 0.9795 0.1344 -0.1499 0.9780 0.1412 -0.1534 0.9764 0.1486 -0.1567 0.9747 0.1555 -0.1606 0.9729 0.1631 -0.1637 0.9711 0.1707 -0.1667 0.9693 0.1780 -0.1697 0.9673 0.1857 -0.1726 0.9654 0.1931 -0.1750 0.9633 0.2012 -0.1774 0.9612 0.2097 -0.1793 0.9590 0.2181 -0.1807 0.9569 0.2268 -0.1816 0.9545 0.2361 -0.1824 0.9522 0.2453 -0.1819 0.9499 0.2547 -0.1812 0.9478 0.2637 -0.1794 0.9457 0.2728 -0.1767 0.9437 0.2819 -0.1732 0.9420 0.2902 -0.1687 0.9403 0.2987 -0.1628 0.9391 0.3060 -0.1562 0.9383 0.3124 -0.1484 0.9381 0.3170 -0.1395 0.9384 0.3202 -0.1302 0.9393 0.3216 -0.1198 0.9405 0.3216 -0.1093 0.9424 0.3198 -0.0980 0.9448 0.3159 -0.0867 0.9476 0.3104 -0.0754 0.9508 0.3032 -0.0637 0.9542 0.2945 -0.0518 0.9579 0.2843 -0.0405 0.9617 0.2725 -0.0298 0.9655 0.2595 -0.0206 0.9692 0.2459 -0.0135 0.9727 0.2321 -0.0073 0.9759 0.2180 -0.0042 0.9786 0.2057 -0.0024 0.9808 0.1949 -0.0021 0.9825 0.1865 -0.0028 0.9836 0.1802 -0.0035 0.9843 0.1765 -0.0045 0.9848 0.1738 -0.0050 0.9849 0.1730 -0.0033 0.9852 0.1712 -0.0008 0.9856 0.1690 0.0033 0.9862 0.1655 0.0084 0.9871 0.1598 0.0137 0.9882 0.1518 0.0192 0.9897 0.1412 0.0236 0.9914 0.1280 0.0269 0.9932 0.1122 0.0300 0.9949 0.0951 0.0323 0.9965 0.0767 0.0336 0.9977 0.0580 0.0347 0.9986 0.0386 0.0354 0.9992 0.0195 0.0356 0.9994 0.0007 0.0356 0.9992 -0.0173 0.0354 0.9988 -0.0349 0.0350 0.9981 -0.0512 0.0344 0.9972 -0.0670 0.0332 0.9961 -0.0821 0.0317 0.9949 -0.0965 0.0305 0.9935 -0.1102 0.0283 0.9921 -0.1230 0.0262 0.9904 -0.1358 0.0241 0.9888 -0.1480 0.0212 0.9871 -0.1593 0.0188 0.9852 -0.1704 0.0164 0.9835 -0.1806 0.0140 0.9816 -0.1905 0.0112 0.9797 -0.2001 0.0085 0.9779 -0.2091 0.0060 0.9761 -0.2174 0.0032 0.9743 -0.2254 0.0009 0.9725 -0.2328 -0.0013 0.9708 -0.2398 -0.0037 0.9693 -0.2459 -0.0055 0.9677 -0.2519 -0.0076 0.9663 -0.2572 -0.0095 0.9649 -0.2622 -0.0114 0.9637 -0.2667 -0.0130
dir neck-shN -0.9975 0.0308 0.0629 -0.9976 0.0285 0.0634 -0.9976 0.0258 0.0642 -0.9976 0.0233 0.0651 -0.9976 0.0204 0.0663 -0.9976 0.0176 0.0672 -0.9976 0.0148 0.0684 -0.9975 0.0119 0.0696 -0.9974 0.0088 0.0710 -0.9973 0.0055 0.0726 -0.9973 0.0023 0.0739 -0.9971 -0.0013 0.0755 -0.9970 -0.0049 0.0771 -0.9969 -0.0084 0.0787 -0.9967 -0.0117 0.0805 -0.9965 -0.0154 0.0826 -0.9962 -0.0194 0.0843 -0.9960 -0.0234 0.0866 -0.9957 -0.0275 0.0888 -0.9953 -0.0315 0.0911 -0.9950 -0.0356 0.0934 -0.9946 -0.0401 0.0956 -0.9941 -0.0450 0.0984 -0.9936 -0.0496 0.1011 -0.9931 -0.0549 0.1040 -0.9924 -0.0598 0.1073 -0.9918 -0.0651 0.1103 -0.9911 -0.0704 0.1133 -0.9902 -0.0762 0.1166 -0.9893 -0.0821 0.1203 -0.9884 -0.0881 0.1237 -0.9874 -0.0944 0.1271 -0.9863 -0.1009 0.1309 -0.9851 -0.1072 0.1348 -0.9838 -0.1137 0.1386 -0.9824 -0.1204 0.1427 -0.9810 -0.1273 0.1464 -0.9795 -0.1344 0.1499 -0.9780 -0.1412 0.1534 -0.9764 -0.1486 0.1567 -0.9747 -0.1555 0.1606 -0.9729 -0.1631 0.1637 -0.9711 -0.1707 0.1667 -0.9693 -0.1780 0.1697 -0.9673 -0.1857 0.1726 -0.9654 -0.1931 0.1750 -0.9633 -0.2012 0.1774 -0.9612 -0.2097 0.1793 -0.9590 -0.2181 0.1807 -0.9569 -0.2268 0.1816 -0.9545 -0.2361 0.1824 -0.9522 -0.2453 0.1819 -0.9499 -0.2547 0.1812 -0.9478 -0.2637 0.1794 -0.9457 -0.2728 0.1767 -0.9437 -0.2819 0.1732 -0.9420 -0.2902 0.1687 -0.9403 -0.2987 0.1628 -0.9391 -0.3060 0.1562 -0.9383 -0.3124 0.1484 -0.9381 -0.3170 0.1395 -0.9384 -0.3202 0.1302 -0.9393 -0.3216 0.1198 -0.9405 -0.3216 0.1093 -0.9424 -0.3198 0.0980 -0.9448 -0.3159 0.0867 -0.9476 -0.3104 0.0754 -0.9508 -0.3032 0.0637 -0.9542 -0.2945 0.0518 -0.9579 -0.2843 0.0405 -0.9617 -0.2725 0.0298 -0.9655 -0.2595 0.0206 -0.9692 -0.2459 0.0135 -0.9727 -0.2321 0.0073 -0.9759 -0.2180 0.0042 -0.9786 -0.2057 0.0024 -0.9808 -0.1949 0.0021 -0.9825 -0.1865 0.0028 -0.9836 -0.1802 0.0035 -0.9843 -0.1765 0.0045 -0.9848 -0.1738 0.0050 -0.9849 -0.1730 0.0033 -0.9852 -0.1712 0.0008 -0.9856 -0.1690 -0.0033 -0.9862 -0.1655 -0.0084 -0.9871 -0.1598 -0.0137 -0.9882 -0.1518 -0.0192 -0.9897 -0.1412 -0.0236 -0.9914 -0.1280 -0.0269 -0.9932 -0.1122 -0.0300 -0.9949 -0.0951 -0.0323 -0.9965 -0.0767 -0.0336 -0.9977 -0.0580 -0.0347 -0.9986 -0.0386 -0.0354 -0.9992 -0.0195 -0.0356 -0.9994 -0.0007 -0.0356 -0.9992 0.0173 -0.0354 -0.9988 0.0349 -0.0350 -0.9981 0.0512 -0.0344 -0.9972 0.0670 -0.0332 -0.9961 0.0821 -0.0317 -0.9949 0.0965 -0.0305 -0.9935 0.1102 -0.0283 -0.9921 0.1230 -0.0262 -0.9904 0.1358 -0.0241 -0.9888 0.1480 -0.0212 -0.9871 0.1593 -0.0188 -0.9852 0.1704 -0.0164 -0.9835 0.1806 -0.0140 -0.9816 0.1905 -0.0112 -0.9797 0.2001 -0.0085 -0.9779 0.2091 -0.0060 -0.9761 0.2174 -0.0032 -0.9743 0.2254 -0.0009 -0.9725 0.2328 0.0013 -0.9708 0.2398 0.0037 -0.9693 0.2459 0.0055 -0.9677 0.2519 0.0076 -0.9663 0.2572 0.0095 -0.9649 0.2622 0.0114 -0.9637 0.2667 0.0130
dir shP-elP 0.5234 -0.0907 -0.8472 0.5248 -0.0873 -0.8467 0.5254 -0.0837 -0.8467 0.5263 -0.0804 -0.8465 0.5267 -0.0772 -0.8465 0.5270 -0.0739 -0.8467 0.5269 -0.0714 -0.8469 0.5263 -0.0688 -0.8475 0.5259 -0.0666 -0.8479 0.5252 -0.0645 -0.8486 0.5243 -0.0624 -0.8493 0.5227 -0.0606 -0.8503 0.5212 -0.0585 -0.8514 0.5198 -0.0566 -0.8524 0.5176 -0.0542 -0.8539 0.5156 -0.0520 -0.8552 0.5132 -0.0502 -0.8568 0.5109 -0.0486 -0.8582 0.5082 -0.0463 -0.8600 0.5053 -0.0446 -0.8618 0.5023 -0.0423 -0.8636 0.4989 -0.0403 -0.8657 0.4956 -0.0383 -0.8677 0.4921 -0.0362 -0.8698 0.4888 -0.0347 -0.8717 0.4848 -0.0328 -0.8740 0.4807 -0.0308 -0.8763 0.4766 -0.0284 -0.8786 0.4721 -0.0270 -0.8812 0.4677 -0.0250 -0.8835 0.4632 -0.0223 -0.8860 0.4578 -0.0203 -0.8888 0.4526 -0.0183 -0.8915 0.4473 -0.0152 -0.8943 0.4416 -0.0125 -0.8971 0.4357 -0.0098 -0.9000 0.4300 -0.0069 -0.9028 0.4234 -0.0042 -0.9059 0.4173 -0.0006 -0.9088 0.4113 0.0033 -0.9115 0.4051 0.0074 -0.9143 0.3989 0.0112 -0.9169 0.3924 0.0159 -0.9197 0.3864 0.0215 -0.9221 0.3803 0.0271 -0.9245 0.3741 0.0340 -0.9268 0.3685 0.0415 -0.9287 0.3631 0.0499 -0.9304 0.3571 0.0596 -0.9322 0.3514 0.0706 -0.9335 0.3466 0.0828 -0.9344 0.3423 0.0973 -0.9345 0.3376 0.1134 -0.9345 0.3334 0.1323 -0.9335 0.3296 0.1541 -0.9315 0.3257 0.1789 -0.9284 0.3217 0.2070 -0.9239 0.3178 0.2387 -0.9176 0.3138 0.2747 -0.9089 0.3104 0.3146 -0.8970 0.3064 0.3583 -0.8819 0.3030 0.4048 -0.8627 0.3009 0.4539 -0.8387 0.3001 0.5033 -0.8103 0.3006 0.5522 -0.7776 0.3035 0.5985 -0.7414 0.3092 0.6415 -0.7021 0.3175 0.6794 -0.6615 0.3283 0.7115 -0.6212 0.3414 0.7372 -0.5831 0.3560 0.7585 -0.5459 0.3728 0.7743 -0.5114 0.3901 0.7870 -0.4779 0.4089 0.7950 -0.4481 0.4265 0.8006 -0.4209 0.4429 0.8038 -0.3971 0.4586 0.8056 -0.3752 0.4753 0.8053 -0.3545 0.4933 0.8029 -0.3348 0.5139 0.7978 -0.3153 0.5378 0.7892 -0.2964 0.5655 0.7754 -0.2808 0.5955 0.7580 -0.2660 0.6265 0.7365 -0.2551 0.6581 0.7118 -0.2456 0.6884 0.6850 -0.2383 0.7174 0.6568 -0.2322 0.7442 0.6278 -0.2281 0.7685 0.5989 -0.2253 0.7899 0.5703 -0.2255 0.8092 0.5419 -0.2272 0.8261 0.5142 -0.2304 0.8409 0.4871 -0.2357 0.8536 0.4608 -0.2430 0.8641 0.4359 -0.2516 0.8730 0.4117 -0.2616 0.8802 0.3879 -0.2734 0.8862 0.3651 -0.2853 0.8910 0.3424 -0.2981 0.8944 0.3209 -0.3114 0.8970 0.3003 -0.3242 0.8985 0.2800 -0.3381 0.8993 0.2606 -0.3512 0.8992 0.2417 -0.3646 0.8984 0.2232 -0.3782 0.8972 0.2053 -0.3910 0.8950 0.1879 -0.4046 0.8922 0.1713 -0.4180 0.8888 0.1542 -0.4315 0.8850 0.1381 -0.4446 0.8804 0.1217 -0.4583 0.8751 0.1058 -0.4722 0.8694 0.0900 -0.4859 0.8628 0.0746 -0.5000 0.8556 0.0589 -0.5143 0.8475 0.0438 -0.5290 0.8387 0.0273 -0.5440 0.8290 0.0123 -0.5592 0.8188 -0.0038 -0.5741 0.8076 -0.0195 -0.5894 0.7951 -0.0347 -0.6054
dir elP-wrP -0.0897 0.8019 -0.5907 -0.0966 0.7965 -0.5968 -0.1032 0.7909 -0.6032 -0.1102 0.7848 -0.6098 -0.1171 0.7781 -0.6172 -0.1245 0.7709 -0.6247 -0.1320 0.7637 -0.6319 -0.1394 0.7559 -0.6396 -0.1468 0.7478 -0.6475 -0.1542 0.7392 -0.6556 -0.1627 0.7300 -0.6638 -0.1704 0.7209 -0.6718 -0.1785 0.7110 -0.6802 -0.1869 0.7009 -0.6883 -0.1956 0.6901 -0.6968 -0.2044 0.6791 -0.7050 -0.2130 0.6677 -0.7133 -0.2220 0.6561 -0.7213 -0.2340 0.6419 -0.7302 -0.2432 0.6294 -0.7380 -0.2526 0.6160 -0.7462 -0.2619 0.6030 -0.7536 -0.2712 0.5894 -0.7609 -0.2809 0.5755 -0.7681 -0.2910 0.5611 -0.7749 -0.3005 0.5469 -0.7814 -0.3112 0.5325 -0.7871 -0.3214 0.5171 -0.7933 -0.3312 0.5024 -0.7987 -0.3419 0.4869 -0.8038 -0.3527 0.4707 -0.8087 -0.3628 0.4547 -0.8134 -0.3734 0.4385 -0.8175 -0.3840 0.4221 -0.8212 -0.3942 0.4057 -0.8246 -0.4046 0.3889 -0.8277 -0.4146 0.3719 -0.8305 -0.4242 0.3550 -0.8331 -0.4347 0.3378 -0.8348 -0.4443 0.3206 -0.8366 -0.4542 0.3031 -0.8378 -0.4636 0.2858 -0.8387 -0.4730 0.2683 -0.8392 -0.4821 0.2508 -0.8395 -0.4911 0.2334 -0.8392 -0.4994 0.2162 -0.8390 -0.5078 0.1989 -0.8382 -0.5163 0.1813 -0.8370 -0.5238 0.1641 -0.8359 -0.5314 0.1468 -0.8343 -0.5385 0.1365 -0.8315 -0.5455 0.1189 -0.8296 -0.5552 0.0979 -0.8259 -0.5617 0.0805 -0.8234 -0.5705 0.0594 -0.8192 -0.5763 0.0420 -0.8162 -0.5820 0.0244 -0.8128 -0.5870 0.0069 -0.8095 -0.5928 -0.0112 -0.8053 -0.5989 -0.0276 -0.8003 -0.6044 -0.0410 -0.7957 -0.6109 -0.0487 -0.7902 -0.6165 -0.0468 -0.7860 -0.6245 -0.0363 -0.7802 -0.6319 -0.0141 -0.7749 -0.6407 0.0216 -0.7675 -0.6495 0.0724 -0.7569 -0.6558 0.1392 -0.7420 -0.6582 0.2223 -0.7193 -0.6526 0.3207 -0.6865 -0.6355 0.4308 -0.6407 -0.6044 0.5459 -0.5802 -0.5340 0.6902 -0.4883 -0.4663 0.7878 -0.4025 -0.3871 0.8668 -0.3143 -0.3013 0.9258 -0.2285 -0.2050 0.9682 -0.1436 -0.1168 0.9908 -0.0690 -0.0295 0.9996 0.0000 0.0556 0.9965 0.0627 0.1369 0.9838 0.1159 0.2117 0.9644 0.1583 0.2779 0.9415 0.1905 0.3355 0.9177 0.2130 0.3844 0.8952 0.2256 0.4264 0.8743 0.2317 0.4619 0.8561 0.2320 0.4919 0.8399 0.2294 0.5170 0.8263 0.2235 0.5378 0.8149 0.2159 0.5548 0.8060 0.2062 0.5685 0.7990 0.1960 0.5799 0.7934 0.1850 0.5889 0.7893 0.1739 0.5974 0.7852 0.1628 0.6038 0.7824 0.1525 0.6091 0.7802 0.1426 0.6138 0.7784 0.1316 0.6173 0.7773 0.1216 0.6201 0.7765 0.1124 0.6226 0.7757 0.1031 0.6240 0.7758 0.0937 0.6255 0.7756 0.0848 0.6262 0.7760 0.0754 0.6260 0.7770 0.0669 0.6257 0.7779 0.0579 0.6254 0.7787 0.0495 0.6247 0.7798 0.0411 0.6237 0.7810 0.0325 0.6224 0.7824 0.0242 0.6210 0.7837 0.0159 0.6191 0.7852 0.0076 0.6170 0.7870 -0.0006 0.6149 0.7886 -0.0094 0.6127 0.7901 -0.0183 0.6103 0.7917 -0.0272 0.6073 0.7937 -0.0365 0.6044 0.7953 -0.0464 0.6008 0.7973 -0.0570 0.5975 0.7990 -0.0676 0.5943 0.8004 -0.0786
dir shN-elN -0.3226 -0.1233 -0.9385 -0.3230 -0.1233 -0.9383 -0.3232 -0.1233 -0.9383 -0.3229 -0.1235 -0.9384 -0.3231 -0.1237 -0.9382 -0.3231 -0.1242 -0.9382 -0.3231 -0.1244 -0.9381 -0.3230 -0.1252 -0.9381 -0.3232 -0.1255 -0.9380 -0.3230 -0.1255 -0.9381 -0.3230 -0.1256 -0.9380 -0.3230 -0.1251 -0.9381 -0.3228 -0.1248 -0.9382 -0.3228 -0.1245 -0.9382 -0.3225 -0.1240 -0.9384 -0.3223 -0.1232 -0.9386 -0.3219 -0.1219 -0.9389 -0.3212 -0.1207 -0.9393 -0.3208 -0.1186 -0.9397 -0.3201 -0.1168 -0.9402 -0.3191 -0.1147 -0.9407 -0.3180 -0.1114 -0.9415 -0.3170 -0.1081 -0.9422 -0.3160 -0.1044 -0.9430 -0.3146 -0.1000 -0.9439 -0.3131 -0.0957 -0.9449 -0.3116 -0.0907 -0.9459 -0.3102 -0.0853 -0.9468 -0.3085 -0.0794 -0.9479 -0.3066 -0.0732 -0.9490 -0.3052 -0.0665 -0.9500 -0.3033 -0.0590 -0.9511 -0.3011 -0.0519 -0.9522 -0.2991 -0.0442 -0.9532 -0.2972 -0.0365 -0.9541 -0.2949 -0.0282 -0.9551 -0.2930 -0.0200 -0.9559 -0.2909 -0.0121 -0.9567 -0.2888 -0.0038 -0.9574 -0.2868 0.0050 -0.9580 -0.2848 0.0130 -0.9585 -0.2830 0.0215 -0.9589 -0.2803 0.0299 -0.9594 -0.2782 0.0388 -0.9597 -0.2757 0.0472 -0.9601 -0.2735 0.0562 -0.9602 -0.2712 0.0658 -0.9603 -0.2682 0.0756 -0.9604 -0.2651 0.0858 -0.9604 -0.2623 0.0962 -0.9602 -0.2594 0.1076 -0.9598 -0.2562 0.1190 -0.9593 -0.2526 0.1308 -0.9587 -0.2500 0.1431 -0.9576 -0.2466 0.1570 -0.9563 -0.2437 0.1709 -0.9547 -0.2407 0.1855 -0.9527 -0.2380 0.2014 -0.9501 -0.2358 0.2175 -0.9472 -0.2338 0.2346 -0.9435 -0.2322 0.2521 -0.9394 -0.2307 0.2698 -0.9349 -0.2303 0.2882 -0.9295 -0.2295 0.3064 -0.9238 -0.2307 0.3244 -0.9174 -0.2320 0.3410 -0.9110 -0.2341 0.3573 -0.9042 -0.2374 0.3723 -0.8972 -0.2408 0.3858 -0.8906 -0.2453 0.3972 -0.8843 -0.2501 0.4072 -0.8784 -0.2562 0.4151 -0.8729 -0.2619 0.4212 -0.8683 -0.2681 0.4256 -0.8643 -0.2741 0.4277 -0.8614 -0.2800 0.4285 -0.8590 -0.2865 0.4285 -0.8569 -0.2925 0.4276 -0.8554 -0.2996 0.4262 -0.8536 -0.3054 0.4248 -0.8522 -0.3117 0.4230 -0.8508 -0.3181 0.4212 -0.8494 -0.3236 0.4187 -0.8485 -0.3293 0.4155 -0.8479 -0.3348 0.4114 -0.8477 -0.3399 0.4064 -0.8481 -0.3440 0.4006 -0.8492 -0.3483 0.3937 -0.8507 -0.3516 0.3857 -0.8530 -0.3544 0.3764 -0.8560 -0.3566 0.3671 -0.8591 -0.3579 0.3574 -0.8627 -0.3590 0.3476 -0.8662 -0.3597 0.3387 -0.8694 -0.3598 0.3303 -0.8726 -0.3592 0.3234 -0.8754 -0.3581 0.3169 -0.8782 -0.3564 0.3114 -0.8809 -0.3546 0.3071 -0.8832 -0.3528 0.3039 -0.8850 -0.3507 0.3009 -0.8868 -0.3490 0.2986 -0.8883 -0.3470 0.2970 -0.8896 -0.3452 0.2961 -0.8906 -0.3436 0.2950 -0.8916 -0.3420 0.2936 -0.8927 -0.3408 0.2930 -0.8933 -0.3393 0.2918 -0.8943 -0.3381 0.2909 -0.8950 -0.3367 0.2902 -0.8958 -0.3357 0.2888 -0.8966 -0.3346 0.2874 -0.8975 -0.3337 0.2858 -0.8983 -0.3328 0.2839 -0.8992 -0.3324 0.2814 -0.9002 -0.3314 0.2790 -0.9013 -0.3308 0.2759 -0.9025 -0.3307 0.2723 -0.9036 -0.3294 0.2681 -0.9053 -0.3292 0.2633 -0.9068 -0.3287 0.2583 -0.9084
dir elN-wrN 0.5438 0.7737 -0.3251 0.5433 0.7739 -0.3256 0.5423 0.7742 -0.3264 0.5418 0.7743 -0.3269 0.5414 0.7742 -0.3277 0.5408 0.7745 -0.3282 0.5405 0.7744 -0.3289 0.5398 0.7746 -0.3297 0.5395 0.7745 -0.3304 0.5391 0.7746 -0.3308 0.5388 0.7747 -0.3309 0.5388 0.7744 -0.3317 0.5383 0.7745 -0.3322 0.5383 0.7746 -0.3320 0.5379 0.7747 -0.3325 0.5375 0.7749 -0.3326 0.5374 0.7752 -0.3321 0.5368 0.7756 -0.3323 0.5366 0.7759 -0.3317 0.5362 0.7765 -0.3310 0.5356 0.7773 -0.3300 0.5352 0.7781 -0.3290 0.5346 0.7789 -0.3279 0.5339 0.7800 -0.3263 0.5333 0.7813 -0.3243 0.5326 0.7826 -0.3223 0.5318 0.7841 -0.3199 0.5310 0.7856 -0.3176 0.5300 0.7875 -0.3145 0.5286 0.7897 -0.3113 0.5273 0.7917 -0.3084 0.5260 0.7941 -0.3045 0.5240 0.7969 -0.3006 0.5219 0.7995 -0.2972 0.5198 0.8026 -0.2927 0.5173 0.8056 -0.2888 0.5150 0.8089 -0.2837 0.5121 0.8125 -0.2786 0.5093 0.8161 -0.2730 0.5061 0.8199 -0.2676 0.5034 0.8235 -0.2616 0.5000 0.8276 -0.2549 0.4963 0.8318 -0.2487 0.4931 0.8357 -0.2419 0.4898 0.8397 -0.2346 0.4861 0.8438 -0.2272 0.4823 0.8481 -0.2194 0.4785 0.8523 -0.2112 0.4748 0.8563 -0.2032 0.4709 0.8604 -0.1949 0.4671 0.8644 -0.1862 0.4631 0.8684 -0.1772 0.4595 0.8722 -0.1679 0.4558 0.8759 -0.1583 0.4523 0.8794 -0.1487 0.4485 0.8829 -0.1391 0.4450 0.8861 -0.1293 0.4413 0.8893 -0.1198 0.4376 0.8924 -0.1104 0.4339 0.8953 -0.1011 0.4299 0.8982 -0.0921 0.4257 0.9010 -0.0831 0.4215 0.9037 -0.0748 0.4158 0.9071 -0.0663 0.4108 0.9099 -0.0583 0.4043 0.9132 -0.0503 0.3974 0.9166 -0.0433 0.3894 0.9204 -0.0363 0.3807 0.9242 -0.0296 0.3713 0.9282 -0.0240 0.3618 0.9321 -0.0179 0.3521 0.9359 -0.0122 0.3421 0.9396 -0.0065 0.3333 0.9428 -0.0020 0.3245 0.9459 0.0013 0.3167 0.9485 0.0037 0.3096 0.9509 0.0052 0.3031 0.9530 0.0054 0.2984 0.9544 0.0041 0.2936 0.9559 0.0025 0.2903 0.9569 0.0005 0.2886 0.9575 -0.0029 0.2876 0.9577 -0.0064 0.2873 0.9578 -0.0098 0.2884 0.9574 -0.0126 0.2908 0.9567 -0.0156 0.2933 0.9559 -0.0173 0.2972 0.9546 -0.0194 0.3018 0.9531 -0.0217 0.3065 0.9516 -0.0244 0.3122 0.9496 -0.0275 0.3182 0.9475 -0.0310 0.3247 0.9452 -0.0345 0.3320 0.9425 -0.0388 0.3392 0.9397 -0.0435 0.3466 0.9368 -0.0482 0.3545 0.9335 -0.0531 0.3627 0.9301 -0.0580 0.3715 0.9263 -0.0633 0.3806 0.9222 -0.0685 0.3894 0.9181 -0.0736 0.3995 0.9134 -0.0782 0.4097 0.9084 -0.0834 0.4201 0.9032 -0.0879 0.4309 0.8977 -0.0921 0.4419 0.8919 -0.0960 0.4528 0.8860 -0.1000 0.4640 0.8798 -0.1031 0.4753 0.8734 -0.1065 0.4861 0.8670 -0.1099 0.4968 0.8605 -0.1131 0.5072 0.8540 -0.1160 0.5179 0.8471 -0.1189 0.5281 0.8403 -0.1223 0.5380 0.8335 -0.1257 0.5478 0.8266 -0.1288 0.5569 0.8200 -0.1321 0.5659 0.8131 -0.1363 0.5743 0.8067 -0.1394 0.5826 0.8000 -0.1434 0.5898 0.7939 -0.1476
dir neck-head 0.0805 0.5817 0.8094 0.0790 0.5845 0.8075 0.0776 0.5877 0.8053 0.0763 0.5907 0.8033 0.0754 0.5942 0.8008 0.0739 0.5972 0.7986 0.0722 0.6007 0.7962 0.0702 0.6037 0.7941 0.0687 0.6073 0.7915 0.0671 0.6106 0.7891 0.0651 0.6139 0.7867 0.0625 0.6179 0.7838 0.0608 0.6215 0.7810 0.0592 0.6250 0.7784 0.0564 0.6289 0.7755 0.0544 0.6326 0.7725 0.0516 0.6366 0.7695 0.0489 0.6407 0.7662 0.0464 0.6444 0.7633 0.0437 0.6485 0.7599 0.0410 0.6527 0.7565 0.0374 0.6570 0.7530 0.0345 0.6609 0.7497 0.0314 0.6653 0.7460 0.0281 0.6691 0.7426 0.0242 0.6724 0.7398 0.0207 0.6763 0.7363 0.0166 0.6803 0.7327 0.0124 0.6837 0.7296 0.0086 0.6870 0.7266 0.0042 0.6905 0.7233 -0.0002 0.6939 0.7201 -0.0048 0.6971 0.7169 -0.0093 0.6998 0.7143 -0.0143 0.7022 0.7118 -0.0188 0.7045 0.7095 -0.0239 0.7062 0.7076 -0.0289 0.7081 0.7055 -0.0336 0.7090 0.7044 -0.0393 0.7099 0.7032 -0.0438 0.7106 0.7023 -0.0489 0.7105 0.7020 -0.0540 0.7101 0.7021 -0.0592 0.7090 0.7028 -0.0638 0.7080 0.7033 -0.0693 0.7067 0.7041 -0.0743 0.7043 0.7060 -0.0792 0.7012 0.7085 -0.0846 0.6982 0.7109 -0.0891 0.6940 0.7144 -0.0945 0.6891 0.7185 -0.0998 0.6835 0.7231 -0.1041 0.6766 0.7289 -0.1082 0.6689 0.7354 -0.1117 0.6601 0.7429 -0.1147 0.6506 0.7507 -0.1171 0.6394 0.7599 -0.1193 0.6271 0.7697 -0.1198 0.6145 0.7798 -0.1192 0.5995 0.7914 -0.1180 0.5844 0.8029 -0.1149 0.5684 0.8147 -0.1112 0.5508 0.8272 -0.1067 0.5327 0.8395 -0.1012 0.5149 0.8513 -0.0946 0.4967 0.8628 -0.0878 0.4792 0.8733 -0.0804 0.4613 0.8836 -0.0740 0.4428 0.8936 -0.0664 0.4258 0.9024 -0.0600 0.4081 0.9110 -0.0528 0.3916 0.9186 -0.0456 0.3744 0.9261 -0.0386 0.3595 0.9323 -0.0302 0.3451 0.9381 -0.0230 0.3316 0.9431 -0.0162 0.3205 0.9471 -0.0101 0.3095 0.9509 -0.0049 0.3006 0.9537 -0.0011 0.2930 0.9561 0.0025 0.2866 0.9580 0.0052 0.2824 0.9593 0.0072 0.2788 0.9603 0.0086 0.2767 0.9609 0.0097 0.2751 0.9614 0.0108 0.2739 0.9617 0.0120 0.2720 0.9622 0.0130 0.2704 0.9627 0.0146 0.2690 0.9630 0.0167 0.2676 0.9634 0.0191 0.2667 0.9636 0.0220 0.2656 0.9638 0.0246 0.2656 0.9638 0.0277 0.2662 0.9635 0.0306 0.2660 0.9635 0.0336 0.2669 0.9631 0.0367 0.2674 0.9629 0.0401 0.2684 0.9625 0.0434 0.2687 0.9623 0.0471 0.2708 0.9615 0.0514 0.2718 0.9610 0.0554 0.2732 0.9604 0.0598 0.2743 0.9598 0.0640 0.2763 0.9589 0.0687 0.2785 0.9580 0.0740 0.2804 0.9570 0.0781 0.2828 0.9560 0.0835 0.2860 0.9546 0.0882 0.2889 0.9533 0.0933 0.2922 0.9518 0.0977 0.2959 0.9502 0.1027 0.2998 0.9485 0.1072 0.3041 0.9466 0.1121 0.3080 0.9448 0.1163 0.3119 0.9430 0.1210 0.3165 0.9409 0.1243 0.3208 0.9390 0.1284 0.3252 0.9369 0.1325 0.3293 0.9349 0.1358 0.3338 0.9328 0.1394 0.3380 0.9308
pelvis -0.0200 -0.0373 0.9667 -0.0201 -0.0383 0.9667 -0.0201 -0.0392 0.9667 -0.0199 -0.0401 0.9667 -0.0198 -0.0411 0.9667 -0.0196 -0.0421 0.9667 -0.0193 -0.0431 0.9667 -0.0190 -0.0441 0.9666 -0.0186 -0.0452 0.9664 -0.0182 -0.0463 0.9662 -0.0177 -0.0474 0.9659 -0.0172 -0.0485 0.9654 -0.0165 -0.0497 0.9649 -0.0158 -0.0509 0.9642 -0.0150 -0.0521 0.9634 -0.0142 -0.0534 0.9624 -0.0133 -0.0547 0.9613 -0.0123 -0.0560 0.9599 -0.0113 -0.0573 0.9585 -0.0102 -0.0587 0.9568 -0.0090 -0.0601 0.9550 -0.0076 -0.0614 0.9529 -0.0062 -0.0628 0.9507 -0.0047 -0.0642 0.9482 -0.0032 -0.0655 0.9455 -0.0014 -0.0669 0.9428 0.0004 -0.0682 0.9397 0.0024 -0.0695 0.9366 0.0044 -0.0709 0.9332 0.0067 -0.0722 0.9298 0.0090 -0.0733 0.9263 0.0115 -0.0745 0.9227 0.0141 -0.0756 0.9191 0.0169 -0.0766 0.9154 0.0197 -0.0776 0.9117 0.0227 -0.0785 0.9080 0.0259 -0.0794 0.9045 0.0292 -0.0800 0.9009 0.0326 -0.0808 0.8975 0.0361 -0.0812 0.8942 0.0397 -0.0817 0.8911 0.0435 -0.0820 0.8881 0.0473 -0.0822 0.8853 0.0513 -0.0822 0.8827 0.0552 -0.0822 0.8803 0.0593 -0.0820 0.8782 0.0633 -0.0817 0.8765 0.0674 -0.0812 0.8748 0.0715 -0.0805 0.8736 0.0755 -0.0798 0.8725 0.0794 -0.0788 0.8718 0.0833 -0.0778 0.8714 0.0870 -0.0766 0.8712 0.0905 -0.0752 0.8713 0.0939 -0.0736 0.8717 0.0972 -0.0720 0.8724 0.1002 -0.0703 0.8733 0.1029 -0.0683 0.8743 0.1054 -0.0663 0.8757 0.1075 -0.0643 0.8772 0.1095 -0.0621 0.8790 0.1112 -0.0601 0.8808 0.1125 -0.0579 0.8828 0.1137 -0.0558 0.8849 0.1145 -0.0537 0.8871 0.1151 -0.0516 0.8894 0.1154 -0.0494 0.8918 0.1156 -0.0473 0.8943 0.1155 -0.0452 0.8969 0.1152 -0.0430 0.8996 0.1147 -0.0408 0.9024 0.1141 -0.0385 0.9052 0.1134 -0.0362 0.9081 0.1124 -0.0339 0.9110 0.1114 -0.0315 0.9139 0.1103 -0.0291 0.9169 0.1090 -0.0264 0.9199 0.1076 -0.0238 0.9230 0.1061 -0.0212 0.9260 0.1045 -0.0186 0.9292 0.1029 -0.0158 0.9322 0.1013 -0.0132 0.9351 0.0995 -0.0104 0.9380 0.0977 -0.0076 0.9407 0.0960 -0.0048 0.9433 0.0941 -0.0020 0.9458 0.0922 0.0009 0.9482 0.0902 0.0036 0.9505 0.0883 0.0062 0.9527 0.0862 0.0088 0.9547 0.0841 0.0111 0.9565 0.0819 0.0133 0.9583 0.0796 0.0153 0.9596 0.0774 0.0170 0.9608 0.0749 0.0187 0.9618 0.0725 0.0201 0.9625 0.0698 0.0214 0.9629 0.0672 0.0224 0.9631 0.0646 0.0233 0.9631 0.0619 0.0241 0.9630 0.0590 0.0246 0.9627 0.0561 0.0252 0.9622 0.0532 0.0254 0.9616 0.0503 0.0257 0.9609 0.0472 0.0257 0.9600 0.0442 0.0257 0.9592 0.0411 0.0255 0.9582 0.0380 0.0253 0.9573 0.0349 0.0250 0.9564 0.0319 0.0247 0.9556 0.0288 0.0243 0.9548 0.0259 0.0238 0.9542 0.0229 0.0233 0.9537 0.0201 0.0229 0.9534 0.0173 0.0224 0.9532 0.0146 0.0218 0.9532 0.0120 0.0214 0.9534 0.0095 0.0209 0.9538 0.0071 0.0204 0.9545 0.0047 0.0200 0.9553 0.0024 0.0195 0.9562
len pelvis-hipP 0.1104
len pelvis-hipN 0.1104
len hipP-knP 0.4637
len knP-anP 0.3728
len hipN-knN 0.4636
len knN-anN 0.3728
len pelvis-neck 0.3822
len neck-shP 0.1741
len neck-shN 0.1741
len shP-elP 0.2365
len elP-wrP 0.2437
len shN-elN 0.2365
len elN-wrN 0.2437
len neck-head 0.1470
stat sh_turn -2.1654 22.0787
stat wrist_rise 0.6015 0.1250
stat elbow_imp 127.6559 18.2561
stat upperarm_imp 92.8388 10.6697
stat knee_bs 49.0587 13.9090
stat pel_turn -4.1309 11.1051
stat contact_fwd 0.5985 0.1261
stat elbow_fwd 0.4005 0.0993
stat weight_shift -0.0369 0.1998
