# Table Tennis Forehand Stroke Mediapipe Datasets (LyuLyu, figshare 10.6084/m9.figshare.28881086, CC BY 4.0); 340 forehands of 34 provincial athletes
meta -0.6 0.008333333333333333 121 73 -0.15000000000000158 0.14999999999999736
dir pelvis-hipP 0.9839 0.1699 0.0558 0.9845 0.1668 0.0550 0.9850 0.1636 0.0542 0.9856 0.1604 0.0532 0.9862 0.1570 0.0521 0.9868 0.1536 0.0509 0.9874 0.1501 0.0496 0.9881 0.1464 0.0481 0.9887 0.1425 0.0465 0.9894 0.1383 0.0448 0.9901 0.1339 0.0429 0.9908 0.1292 0.0410 0.9915 0.1242 0.0388 0.9923 0.1187 0.0366 0.9930 0.1129 0.0341 0.9938 0.1066 0.0316 0.9946 0.0999 0.0290 0.9953 0.0928 0.0262 0.9961 0.0852 0.0234 0.9968 0.0771 0.0204 0.9975 0.0685 0.0174 0.9981 0.0594 0.0143 0.9987 0.0500 0.0111 0.9992 0.0401 0.0080 0.9995 0.0298 0.0048 0.9998 0.0191 0.0017 1.0000 0.0081 -0.0014 1.0000 -0.0031 -0.0044 0.9999 -0.0145 -0.0073 0.9996 -0.0261 -0.0102 0.9992 -0.0378 -0.0128 0.9987 -0.0495 -0.0153 0.9980 -0.0611 -0.0175 0.9972 -0.0727 -0.0195 0.9962 -0.0841 -0.0213 0.9952 -0.0954 -0.0229 0.9940 -0.1065 -0.0241 0.9928 -0.1172 -0.0250 0.9915 -0.1277 -0.0256 0.9901 -0.1378 -0.0258 0.9887 -0.1477 -0.0258 0.9872 -0.1572 -0.0255 0.9857 -0.1664 -0.0248 0.9843 -0.1752 -0.0239 0.9827 -0.1836 -0.0226 0.9812 -0.1916 -0.0211 0.9797 -0.1993 -0.0194 0.9782 -0.2067 -0.0175 0.9768 -0.2137 -0.0154 0.9754 -0.2201 -0.0132 0.9740 -0.2261 -0.0110 0.9728 -0.2316 -0.0086 0.9716 -0.2366 -0.0063 0.9705 -0.2410 -0.0041 0.9696 -0.2447 -0.0018 0.9689 -0.2474 0.0002 0.9684 -0.2493 0.0022 0.9682 -0.2502 0.0040 0.9682 -0.2500 0.0055 0.9686 -0.2487 0.0069 0.9692 -0.2461 0.0081 0.9703 -0.2417 0.0091 0.9718 -0.2358 0.0098 0.9736 -0.2282 0.0103 0.9757 -0.2189 0.0107 0.9781 -0.2079 0.0108 0.9808 -0.1949 0.0108 0.9837 -0.1795 0.0106 0.9867 -0.1621 0.0104 0.9897 -0.1427 0.0100 0.9926 -0.1213 0.0096 0.9951 -0.0980 0.0091 0.9973 -0.0729 0.0086 0.9989 -0.0455 0.0081 0.9998 -0.0166 0.0077 0.9999 0.0137 0.0073 0.9990 0.0451 0.0069 0.9970 0.0775 0.0066 0.9938 0.1106 0.0064 0.9895 0.1442 0.0063 0.9840 0.1779 0.0063 0.9774 0.2113 0.0063 0.9697 0.2442 0.0063 0.9610 0.2764 0.0064 0.9514 0.3077 0.0065 0.9412 0.3377 0.0066 0.9305 0.3663 0.0067 0.9193 0.3934 0.0068 0.9080 0.4190 0.0068 0.8966 0.4428 0.0068 0.8853 0.4650 0.0067 0.8744 0.4851 0.0064 0.8640 0.5034 0.0061 0.8541 0.5200 0.0056 0.8449 0.5349 0.0051 0.8364 0.5481 0.0044 0.8287 0.5597 0.0037 0.8222 0.5692 0.0028 0.8165 0.5773 0.0019 0.8119 0.5838 0.0010 0.8082 0.5890 -0.0000 0.8054 0.5927 -0.0010 0.8036 0.5951 -0.0020 0.8030 0.5960 -0.0029 0.8033 0.5956 -0.0038 0.8044 0.5941 -0.0045 0.8062 0.5916 -0.0051 0.8089 0.5880 -0.0055 0.8121 0.5834 -0.0057 0.8162 0.5778 -0.0057 0.8207 0.5713 -0.0054 0.8257 0.5641 -0.0048 0.8310 0.5562 -0.0041 0.8367 0.5477 -0.0030 0.8425 0.5386 -0.0017 0.8487 0.5289 -0.0001 0.8549 0.5188 0.0017 0.8611 0.5084 0.0037 0.8674 0.4976 0.0059 0.8736 0.4866 0.0083 0.8797 0.4753 0.0108
dir pelvis-hipN -0.9839 -0.1699 -0.0558 -0.9845 -0.1668 -0.0550 -0.9850 -0.1636 -0.0542 -0.9856 -0.1604 -0.0532 -0.9862 -0.1570 -0.0521 -0.9868 -0.1536 -0.0509 -0.9874 -0.1501 -0.0496 -0.9881 -0.1464 -0.0481 -0.9887 -0.1425 -0.0465 -0.9894 -0.1383 -0.0448 -0.9901 -0.1339 -0.0429 -0.9908 -0.1292 -0.0410 -0.9915 -0.1242 -0.0388 -0.9923 -0.1187 -0.0366 -0.9930 -0.1129 -0.0341 -0.9938 -0.1066 -0.0316 -0.9946 -0.0999 -0.0290 -0.9953 -0.0928 -0.0262 -0.9961 -0.0852 -0.0234 -0.9968 -0.0771 -0.0204 -0.9975 -0.0685 -0.0174 -0.9981 -0.0594 -0.0143 -0.9987 -0.0500 -0.0111 -0.9992 -0.0401 -0.0080 -0.9995 -0.0298 -0.0048 -0.9998 -0.0191 -0.0017 -1.0000 -0.0081 0.0014 -1.0000 0.0031 0.0044 -0.9999 0.0145 0.0073 -0.9996 0.0261 0.0102 -0.9992 0.0378 0.0128 -0.9987 0.0495 0.0153 -0.9980 0.0611 0.0175 -0.9972 0.0727 0.0195 -0.9962 0.0841 0.0213 -0.9952 0.0954 0.0229 -0.9940 0.1065 0.0241 -0.9928 0.1172 0.0250 -0.9915 0.1277 0.0256 -0.9901 0.1378 0.0258 -0.9887 0.1477 0.0258 -0.9872 0.1572 0.0255 -0.9857 0.1664 0.0248 -0.9843 0.1752 0.0239 -0.9827 0.1836 0.0226 -0.9812 0.1916 0.0211 -0.9797 0.1993 0.0194 -0.9782 0.2067 0.0175 -0.9768 0.2137 0.0154 -0.9754 0.2201 0.0132 -0.9740 0.2261 0.0110 -0.9728 0.2316 0.0086 -0.9716 0.2366 0.0063 -0.9705 0.2410 0.0041 -0.9696 0.2447 0.0018 -0.9689 0.2474 -0.0002 -0.9684 0.2493 -0.0022 -0.9682 0.2502 -0.0040 -0.9682 0.2500 -0.0055 -0.9686 0.2487 -0.0069 -0.9692 0.2461 -0.0081 -0.9703 0.2417 -0.0091 -0.9718 0.2358 -0.0098 -0.9736 0.2282 -0.0103 -0.9757 0.2189 -0.0107 -0.9781 0.2079 -0.0108 -0.9808 0.1949 -0.0108 -0.9837 0.1795 -0.0106 -0.9867 0.1621 -0.0104 -0.9897 0.1427 -0.0100 -0.9926 0.1213 -0.0096 -0.9951 0.0980 -0.0091 -0.9973 0.0729 -0.0086 -0.9989 0.0455 -0.0081 -0.9998 0.0166 -0.0077 -0.9999 -0.0137 -0.0073 -0.9990 -0.0451 -0.0069 -0.9970 -0.0775 -0.0066 -0.9938 -0.1106 -0.0064 -0.9895 -0.1442 -0.0063 -0.9840 -0.1779 -0.0063 -0.9774 -0.2113 -0.0063 -0.9697 -0.2442 -0.0063 -0.9610 -0.2764 -0.0064 -0.9514 -0.3077 -0.0065 -0.9412 -0.3377 -0.0066 -0.9305 -0.3663 -0.0067 -0.9193 -0.3934 -0.0068 -0.9080 -0.4190 -0.0068 -0.8966 -0.4428 -0.0068 -0.8853 -0.4650 -0.0067 -0.8744 -0.4851 -0.0064 -0.8640 -0.5034 -0.0061 -0.8541 -0.5200 -0.0056 -0.8449 -0.5349 -0.0051 -0.8364 -0.5481 -0.0044 -0.8287 -0.5597 -0.0037 -0.8222 -0.5692 -0.0028 -0.8165 -0.5773 -0.0019 -0.8119 -0.5838 -0.0010 -0.8082 -0.5890 0.0000 -0.8054 -0.5927 0.0010 -0.8036 -0.5951 0.0020 -0.8030 -0.5960 0.0029 -0.8033 -0.5956 0.0038 -0.8044 -0.5941 0.0045 -0.8062 -0.5916 0.0051 -0.8089 -0.5880 0.0055 -0.8121 -0.5834 0.0057 -0.8162 -0.5778 0.0057 -0.8207 -0.5713 0.0054 -0.8257 -0.5641 0.0048 -0.8310 -0.5562 0.0041 -0.8367 -0.5477 0.0030 -0.8425 -0.5386 0.0017 -0.8487 -0.5289 0.0001 -0.8549 -0.5188 -0.0017 -0.8611 -0.5084 -0.0037 -0.8674 -0.4976 -0.0059 -0.8736 -0.4866 -0.0083 -0.8797 -0.4753 -0.0108
dir hipP-knP 0.2486 0.3360 -0.9084 0.2489 0.3388 -0.9074 0.2492 0.3414 -0.9063 0.2497 0.3439 -0.9052 0.2503 0.3461 -0.9042 0.2510 0.3482 -0.9032 0.2519 0.3500 -0.9023 0.2529 0.3514 -0.9014 0.2540 0.3526 -0.9007 0.2553 0.3534 -0.9000 0.2566 0.3539 -0.8994 0.2581 0.3540 -0.8989 0.2598 0.3538 -0.8985 0.2616 0.3531 -0.8983 0.2635 0.3521 -0.8981 0.2657 0.3508 -0.8980 0.2680 0.3493 -0.8979 0.2705 0.3475 -0.8978 0.2732 0.3454 -0.8978 0.2762 0.3432 -0.8977 0.2795 0.3408 -0.8976 0.2831 0.3384 -0.8974 0.2871 0.3360 -0.8970 0.2915 0.3336 -0.8965 0.2962 0.3313 -0.8958 0.3016 0.3292 -0.8948 0.3074 0.3272 -0.8935 0.3137 0.3256 -0.8920 0.3206 0.3242 -0.8900 0.3280 0.3231 -0.8877 0.3359 0.3224 -0.8850 0.3444 0.3222 -0.8818 0.3535 0.3224 -0.8781 0.3630 0.3230 -0.8740 0.3729 0.3240 -0.8695 0.3831 0.3254 -0.8645 0.3936 0.3272 -0.8591 0.4042 0.3294 -0.8533 0.4149 0.3320 -0.8471 0.4254 0.3349 -0.8408 0.4358 0.3380 -0.8342 0.4458 0.3414 -0.8275 0.4554 0.3450 -0.8207 0.4642 0.3488 -0.8142 0.4723 0.3526 -0.8078 0.4796 0.3565 -0.8018 0.4860 0.3604 -0.7962 0.4913 0.3643 -0.7911 0.4955 0.3681 -0.7868 0.4983 0.3716 -0.7834 0.4997 0.3749 -0.7808 0.4999 0.3780 -0.7792 0.4988 0.3807 -0.7786 0.4963 0.3830 -0.7791 0.4925 0.3849 -0.7806 0.4870 0.3862 -0.7834 0.4803 0.3869 -0.7872 0.4723 0.3870 -0.7919 0.4632 0.3865 -0.7975 0.4531 0.3852 -0.8039 0.4419 0.3833 -0.8110 0.4296 0.3806 -0.8189 0.4167 0.3771 -0.8271 0.4031 0.3730 -0.8357 0.3889 0.3682 -0.8445 0.3744 0.3627 -0.8534 0.3595 0.3567 -0.8623 0.3445 0.3500 -0.8711 0.3294 0.3429 -0.8798 0.3143 0.3353 -0.8881 0.2992 0.3275 -0.8962 0.2844 0.3194 -0.9040 0.2698 0.3110 -0.9113 0.2555 0.3026 -0.9182 0.2415 0.2942 -0.9247 0.2279 0.2859 -0.9308 0.2146 0.2776 -0.9364 0.2017 0.2696 -0.9416 0.1891 0.2617 -0.9464 0.1770 0.2542 -0.9508 0.1653 0.2471 -0.9548 0.1539 0.2404 -0.9584 0.1429 0.2340 -0.9617 0.1322 0.2281 -0.9646 0.1219 0.2227 -0.9672 0.1121 0.2178 -0.9695 0.1027 0.2135 -0.9715 0.0938 0.2097 -0.9733 0.0853 0.2064 -0.9747 0.0774 0.2035 -0.9760 0.0701 0.2012 -0.9770 0.0635 0.1995 -0.9778 0.0577 0.1982 -0.9785 0.0526 0.1974 -0.9789 0.0483 0.1970 -0.9792 0.0449 0.1970 -0.9794 0.0423 0.1973 -0.9794 0.0409 0.1981 -0.9793 0.0404 0.1992 -0.9791 0.0409 0.2006 -0.9788 0.0423 0.2022 -0.9784 0.0446 0.2040 -0.9779 0.0477 0.2061 -0.9774 0.0520 0.2084 -0.9767 0.0570 0.2108 -0.9759 0.0628 0.2134 -0.9750 0.0693 0.2160 -0.9739 0.0763 0.2187 -0.9728 0.0839 0.2215 -0.9715 0.0920 0.2243 -0.9702 0.1004 0.2271 -0.9687 0.1091 0.2299 -0.9671 0.1180 0.2327 -0.9654 0.1270 0.2354 -0.9636 0.1360 0.2380 -0.9617 0.1449 0.2406 -0.9597 0.1537 0.2431 -0.9578 0.1623 0.2455 -0.9557 0.1707 0.2478 -0.9537 0.1788 0.2500 -0.9516 0.1866 0.2522 -0.9495
dir knP-anP 0.3281 -0.3356 -0.8830 0.3286 -0.3360 -0.8827 0.3290 -0.3363 -0.8824 0.3294 -0.3365 -0.8822 0.3298 -0.3365 -0.8820 0.3302 -0.3365 -0.8819 0.3305 -0.3363 -0.8819 0.3307 -0.3360 -0.8819 0.3308 -0.3354 -0.8821 0.3309 -0.3348 -0.8823 0.3308 -0.3340 -0.8826 0.3307 -0.3331 -0.8830 0.3304 -0.3320 -0.8835 0.3300 -0.3307 -0.8842 0.3294 -0.3293 -0.8849 0.3288 -0.3277 -0.8857 0.3280 -0.3260 -0.8867 0.3270 -0.3242 -0.8877 0.3260 -0.3222 -0.8888 0.3248 -0.3201 -0.8900 0.3234 -0.3178 -0.8913 0.3220 -0.3154 -0.8926 0.3205 -0.3129 -0.8941 0.3189 -0.3103 -0.8956 0.3172 -0.3075 -0.8971 0.3155 -0.3045 -0.8988 0.3137 -0.3015 -0.9004 0.3118 -0.2983 -0.9021 0.3100 -0.2949 -0.9038 0.3081 -0.2915 -0.9056 0.3062 -0.2880 -0.9073 0.3044 -0.2844 -0.9091 0.3026 -0.2807 -0.9109 0.3008 -0.2770 -0.9126 0.2991 -0.2732 -0.9143 0.2975 -0.2695 -0.9159 0.2959 -0.2658 -0.9175 0.2945 -0.2622 -0.9190 0.2931 -0.2588 -0.9204 0.2919 -0.2555 -0.9217 0.2907 -0.2524 -0.9229 0.2897 -0.2495 -0.9240 0.2888 -0.2469 -0.9250 0.2881 -0.2448 -0.9258 0.2875 -0.2430 -0.9265 0.2870 -0.2416 -0.9270 0.2866 -0.2407 -0.9273 0.2864 -0.2402 -0.9275 0.2863 -0.2402 -0.9275 0.2864 -0.2409 -0.9273 0.2866 -0.2420 -0.9270 0.2870 -0.2437 -0.9264 0.2876 -0.2458 -0.9257 0.2882 -0.2485 -0.9248 0.2891 -0.2516 -0.9236 0.2901 -0.2553 -0.9223 0.2913 -0.2594 -0.9208 0.2927 -0.2639 -0.9191 0.2942 -0.2687 -0.9172 0.2960 -0.2737 -0.9151 0.2979 -0.2790 -0.9129 0.3000 -0.2844 -0.9105 0.3024 -0.2899 -0.9080 0.3049 -0.2955 -0.9054 0.3076 -0.3010 -0.9026 0.3105 -0.3065 -0.8998 0.3136 -0.3118 -0.8969 0.3170 -0.3169 -0.8939 0.3205 -0.3218 -0.8909 0.3242 -0.3264 -0.8879 0.3281 -0.3308 -0.8848 0.3321 -0.3349 -0.8818 0.3364 -0.3387 -0.8787 0.3408 -0.3422 -0.8757 0.3453 -0.3455 -0.8726 0.3500 -0.3485 -0.8695 0.3548 -0.3514 -0.8664 0.3597 -0.3541 -0.8633 0.3647 -0.3566 -0.8601 0.3699 -0.3591 -0.8569 0.3751 -0.3616 -0.8536 0.3804 -0.3640 -0.8502 0.3857 -0.3665 -0.8467 0.3911 -0.3691 -0.8431 0.3966 -0.3717 -0.8394 0.4020 -0.3744 -0.8356 0.4074 -0.3773 -0.8317 0.4128 -0.3803 -0.8276 0.4182 -0.3833 -0.8235 0.4235 -0.3864 -0.8193 0.4287 -0.3896 -0.8151 0.4337 -0.3929 -0.8109 0.4386 -0.3960 -0.8067 0.4434 -0.3992 -0.8025 0.4480 -0.4021 -0.7985 0.4523 -0.4050 -0.7946 0.4564 -0.4076 -0.7909 0.4602 -0.4098 -0.7875 0.4637 -0.4118 -0.7845 0.4669 -0.4133 -0.7818 0.4697 -0.4145 -0.7795 0.4722 -0.4152 -0.7776 0.4742 -0.4154 -0.7762 0.4758 -0.4151 -0.7754 0.4769 -0.4143 -0.7752 0.4775 -0.4130 -0.7755 0.4777 -0.4112 -0.7763 0.4774 -0.4090 -0.7777 0.4766 -0.4064 -0.7795 0.4752 -0.4033 -0.7820 0.4733 -0.3999 -0.7849 0.4709 -0.3962 -0.7882 0.4681 -0.3923 -0.7919 0.4648 -0.3882 -0.7958 0.4610 -0.3839 -0.8000 0.4568 -0.3796 -0.8045 0.4523 -0.3753 -0.8091 0.4474 -0.3711 -0.8137 0.4423 -0.3670 -0.8184 0.4369 -0.3631 -0.8230 0.4314 -0.3594 -0.8275
dir hipN-knN -0.3338 0.1593 -0.9291 -0.3341 0.1623 -0.9285 -0.3344 0.1654 -0.9278 -0.3347 0.1685 -0.9271 -0.3350 0.1717 -0.9264 -0.3353 0.1749 -0.9257 -0.3356 0.1781 -0.9250 -0.3358 0.1813 -0.9243 -0.3359 0.1844 -0.9237 -0.3359 0.1875 -0.9231 -0.3358 0.1905 -0.9225 -0.3357 0.1933 -0.9219 -0.3354 0.1961 -0.9215 -0.3349 0.1987 -0.9211 -0.3343 0.2012 -0.9207 -0.3336 0.2036 -0.9205 -0.3327 0.2058 -0.9203 -0.3317 0.2079 -0.9202 -0.3305 0.2098 -0.9202 -0.3292 0.2115 -0.9203 -0.3278 0.2131 -0.9204 -0.3264 0.2145 -0.9206 -0.3248 0.2158 -0.9208 -0.3232 0.2169 -0.9211 -0.3216 0.2179 -0.9214 -0.3201 0.2188 -0.9218 -0.3186 0.2196 -0.9221 -0.3172 0.2203 -0.9224 -0.3159 0.2209 -0.9227 -0.3147 0.2215 -0.9230 -0.3137 0.2220 -0.9232 -0.3130 0.2226 -0.9233 -0.3125 0.2231 -0.9233 -0.3123 0.2237 -0.9233 -0.3123 0.2244 -0.9231 -0.3126 0.2251 -0.9228 -0.3131 0.2260 -0.9224 -0.3140 0.2270 -0.9219 -0.3151 0.2281 -0.9212 -0.3164 0.2294 -0.9205 -0.3179 0.2308 -0.9196 -0.3195 0.2324 -0.9186 -0.3213 0.2342 -0.9176 -0.3231 0.2361 -0.9164 -0.3250 0.2382 -0.9152 -0.3268 0.2405 -0.9140 -0.3286 0.2429 -0.9127 -0.3302 0.2455 -0.9114 -0.3316 0.2481 -0.9102 -0.3327 0.2509 -0.9090 -0.3336 0.2537 -0.9080 -0.3341 0.2565 -0.9070 -0.3342 0.2594 -0.9061 -0.3340 0.2622 -0.9054 -0.3333 0.2650 -0.9048 -0.3322 0.2677 -0.9044 -0.3306 0.2703 -0.9042 -0.3287 0.2727 -0.9042 -0.3264 0.2749 -0.9044 -0.3238 0.2769 -0.9047 -0.3209 0.2787 -0.9052 -0.3178 0.2801 -0.9058 -0.3147 0.2812 -0.9066 -0.3115 0.2820 -0.9074 -0.3084 0.2825 -0.9083 -0.3055 0.2827 -0.9092 -0.3029 0.2825 -0.9102 -0.3009 0.2819 -0.9111 -0.2993 0.2810 -0.9119 -0.2984 0.2797 -0.9125 -0.2982 0.2782 -0.9131 -0.2989 0.2763 -0.9134 -0.3004 0.2743 -0.9135 -0.3032 0.2720 -0.9133 -0.3070 0.2695 -0.9128 -0.3118 0.2669 -0.9119 -0.3177 0.2642 -0.9107 -0.3246 0.2615 -0.9090 -0.3326 0.2588 -0.9069 -0.3417 0.2562 -0.9042 -0.3517 0.2537 -0.9011 -0.3625 0.2514 -0.8974 -0.3740 0.2493 -0.8933 -0.3860 0.2474 -0.8887 -0.3984 0.2458 -0.8836 -0.4112 0.2445 -0.8781 -0.4240 0.2436 -0.8723 -0.4367 0.2430 -0.8661 -0.4493 0.2427 -0.8598 -0.4614 0.2428 -0.8533 -0.4731 0.2432 -0.8468 -0.4839 0.2439 -0.8404 -0.4940 0.2449 -0.8343 -0.5032 0.2461 -0.8284 -0.5115 0.2474 -0.8229 -0.5188 0.2489 -0.8178 -0.5251 0.2504 -0.8134 -0.5300 0.2519 -0.8097 -0.5339 0.2533 -0.8067 -0.5367 0.2544 -0.8045 -0.5384 0.2552 -0.8031 -0.5391 0.2557 -0.8025 -0.5387 0.2558 -0.8027 -0.5372 0.2552 -0.8040 -0.5347 0.2540 -0.8060 -0.5314 0.2521 -0.8087 -0.5273 0.2496 -0.8122 -0.5224 0.2465 -0.8163 -0.5169 0.2426 -0.8209 -0.5106 0.2379 -0.8262 -0.5039 0.2326 -0.8319 -0.4967 0.2267 -0.8378 -0.4891 0.2202 -0.8440 -0.4812 0.2134 -0.8502 -0.4732 0.2061 -0.8565 -0.4650 0.1986 -0.8628 -0.4567 0.1909 -0.8689 -0.4485 0.1833 -0.8748 -0.4405 0.1757 -0.8804 -0.4325 0.1682 -0.8858 -0.4249 0.1611 -0.8908
dir knN-anN -0.4108 -0.2934 -0.8632 -0.4108 -0.2949 -0.8627 -0.4108 -0.2964 -0.8622 -0.4107 -0.2982 -0.8616 -0.4106 -0.3001 -0.8610 -0.4105 -0.3021 -0.8603 -0.4104 -0.3043 -0.8596 -0.4103 -0.3068 -0.8588 -0.4103 -0.3095 -0.8578 -0.4103 -0.3124 -0.8568 -0.4104 -0.3155 -0.8556 -0.4105 -0.3189 -0.8543 -0.4108 -0.3224 -0.8528 -0.4112 -0.3264 -0.8511 -0.4117 -0.3305 -0.8493 -0.4123 -0.3349 -0.8472 -0.4131 -0.3396 -0.8450 -0.4141 -0.3445 -0.8425 -0.4152 -0.3496 -0.8399 -0.4166 -0.3550 -0.8369 -0.4181 -0.3606 -0.8338 -0.4199 -0.3663 -0.8304 -0.4218 -0.3722 -0.8267 -0.4240 -0.3783 -0.8229 -0.4263 -0.3844 -0.8188 -0.4289 -0.3907 -0.8145 -0.4316 -0.3970 -0.8100 -0.4346 -0.4032 -0.8053 -0.4377 -0.4095 -0.8004 -0.4410 -0.4157 -0.7954 -0.4444 -0.4218 -0.7903 -0.4479 -0.4278 -0.7851 -0.4515 -0.4337 -0.7797 -0.4552 -0.4394 -0.7744 -0.4590 -0.4449 -0.7690 -0.4627 -0.4502 -0.7637 -0.4664 -0.4554 -0.7583 -0.4701 -0.4602 -0.7531 -0.4737 -0.4648 -0.7481 -0.4771 -0.4691 -0.7431 -0.4804 -0.4733 -0.7384 -0.4835 -0.4771 -0.7339 -0.4864 -0.4807 -0.7296 -0.4890 -0.4840 -0.7257 -0.4914 -0.4870 -0.7221 -0.4934 -0.4897 -0.7188 -0.4952 -0.4922 -0.7159 -0.4966 -0.4944 -0.7134 -0.4976 -0.4963 -0.7113 -0.4983 -0.4979 -0.7098 -0.4985 -0.4991 -0.7088 -0.4983 -0.5001 -0.7083 -0.4978 -0.5006 -0.7082 -0.4968 -0.5009 -0.7087 -0.4955 -0.5007 -0.7098 -0.4936 -0.5001 -0.7115 -0.4914 -0.4990 -0.7138 -0.4887 -0.4976 -0.7167 -0.4857 -0.4956 -0.7201 -0.4823 -0.4931 -0.7240 -0.4786 -0.4902 -0.7285 -0.4744 -0.4866 -0.7336 -0.4699 -0.4825 -0.7392 -0.4652 -0.4778 -0.7452 -0.4601 -0.4726 -0.7516 -0.4549 -0.4668 -0.7584 -0.4494 -0.4605 -0.7655 -0.4437 -0.4536 -0.7729 -0.4378 -0.4461 -0.7805 -0.4319 -0.4382 -0.7883 -0.4259 -0.4299 -0.7961 -0.4198 -0.4212 -0.8040 -0.4138 -0.4121 -0.8118 -0.4077 -0.4027 -0.8195 -0.4018 -0.3932 -0.8270 -0.3960 -0.3835 -0.8344 -0.3903 -0.3737 -0.8415 -0.3847 -0.3639 -0.8483 -0.3793 -0.3542 -0.8548 -0.3742 -0.3448 -0.8609 -0.3693 -0.3356 -0.8666 -0.3647 -0.3267 -0.8719 -0.3603 -0.3182 -0.8769 -0.3561 -0.3101 -0.8815 -0.3522 -0.3025 -0.8857 -0.3487 -0.2956 -0.8894 -0.3453 -0.2892 -0.8928 -0.3422 -0.2835 -0.8958 -0.3393 -0.2783 -0.8986 -0.3367 -0.2737 -0.9010 -0.3342 -0.2697 -0.9031 -0.3321 -0.2665 -0.9048 -0.3301 -0.2638 -0.9063 -0.3283 -0.2617 -0.9076 -0.3266 -0.2600 -0.9087 -0.3252 -0.2589 -0.9095 -0.3239 -0.2582 -0.9102 -0.3229 -0.2579 -0.9106 -0.3220 -0.2580 -0.9109 -0.3213 -0.2584 -0.9110 -0.3208 -0.2590 -0.9110 -0.3205 -0.2599 -0.9109 -0.3204 -0.2609 -0.9106 -0.3206 -0.2620 -0.9103 -0.3210 -0.2632 -0.9098 -0.3217 -0.2644 -0.9092 -0.3225 -0.2657 -0.9085 -0.3236 -0.2669 -0.9078 -0.3249 -0.2681 -0.9069 -0.3265 -0.2692 -0.9060 -0.3283 -0.2703 -0.9051 -0.3303 -0.2713 -0.9040 -0.3325 -0.2722 -0.9030 -0.3349 -0.2731 -0.9018 -0.3374 -0.2739 -0.9007 -0.3400 -0.2746 -0.8994 -0.3428 -0.2753 -0.8982 -0.3456 -0.2759 -0.8969 -0.3484 -0.2765 -0.8956 -0.3512 -0.2772 -0.8943 -0.3540 -0.2779 -0.8930
dir pelvis-neck -0.0644 0.2901 0.9548 -0.0622 0.2880 0.9556 -0.0598 0.2856 0.9565 -0.0572 0.2832 0.9573 -0.0544 0.2807 0.9582 -0.0514 0.2782 0.9592 -0.0480 0.2756 0.9601 -0.0443 0.2730 0.9610 -0.0403 0.2705 0.9619 -0.0358 0.2680 0.9628 -0.0310 0.2657 0.9636 -0.0257 0.2635 0.9643 -0.0199 0.2615 0.9650 -0.0136 0.2598 0.9656 -0.0068 0.2584 0.9660 0.0006 0.2572 0.9664 0.0085 0.2563 0.9666 0.0169 0.2557 0.9666 0.0258 0.2555 0.9665 0.0354 0.2556 0.9661 0.0456 0.2560 0.9656 0.0562 0.2567 0.9648 0.0673 0.2577 0.9639 0.0789 0.2589 0.9627 0.0909 0.2603 0.9612 0.1033 0.2619 0.9595 0.1161 0.2636 0.9576 0.1291 0.2653 0.9555 0.1423 0.2671 0.9531 0.1557 0.2688 0.9505 0.1691 0.2704 0.9478 0.1825 0.2718 0.9449 0.1957 0.2730 0.9419 0.2088 0.2740 0.9388 0.2216 0.2746 0.9357 0.2340 0.2750 0.9325 0.2459 0.2750 0.9295 0.2572 0.2746 0.9265 0.2677 0.2737 0.9238 0.2775 0.2725 0.9213 0.2864 0.2709 0.9190 0.2944 0.2689 0.9171 0.3013 0.2666 0.9155 0.3069 0.2639 0.9144 0.3112 0.2608 0.9139 0.3143 0.2574 0.9138 0.3161 0.2538 0.9142 0.3165 0.2499 0.9151 0.3155 0.2458 0.9165 0.3127 0.2415 0.9186 0.3084 0.2370 0.9212 0.3028 0.2323 0.9243 0.2957 0.2275 0.9278 0.2871 0.2226 0.9317 0.2772 0.2175 0.9359 0.2657 0.2123 0.9404 0.2530 0.2070 0.9451 0.2392 0.2015 0.9498 0.2243 0.1960 0.9546 0.2086 0.1904 0.9593 0.1920 0.1847 0.9639 0.1747 0.1789 0.9682 0.1570 0.1731 0.9723 0.1389 0.1674 0.9760 0.1208 0.1617 0.9794 0.1026 0.1561 0.9824 0.0846 0.1507 0.9850 0.0670 0.1454 0.9871 0.0497 0.1405 0.9888 0.0331 0.1358 0.9902 0.0171 0.1315 0.9912 0.0017 0.1275 0.9918 -0.0128 0.1240 0.9922 -0.0264 0.1210 0.9923 -0.0392 0.1185 0.9922 -0.0511 0.1165 0.9919 -0.0622 0.1150 0.9914 -0.0725 0.1140 0.9908 -0.0819 0.1135 0.9902 -0.0905 0.1136 0.9894 -0.0983 0.1142 0.9886 -0.1055 0.1152 0.9877 -0.1120 0.1167 0.9868 -0.1179 0.1185 0.9859 -0.1234 0.1207 0.9850 -0.1282 0.1232 0.9841 -0.1326 0.1261 0.9831 -0.1366 0.1292 0.9822 -0.1403 0.1324 0.9812 -0.1437 0.1358 0.9803 -0.1468 0.1393 0.9793 -0.1496 0.1429 0.9784 -0.1522 0.1466 0.9774 -0.1546 0.1502 0.9765 -0.1569 0.1539 0.9756 -0.1589 0.1575 0.9746 -0.1609 0.1610 0.9738 -0.1626 0.1645 0.9729 -0.1642 0.1680 0.9720 -0.1656 0.1714 0.9712 -0.1669 0.1747 0.9704 -0.1680 0.1781 0.9696 -0.1689 0.1814 0.9688 -0.1696 0.1847 0.9680 -0.1702 0.1881 0.9673 -0.1705 0.1915 0.9666 -0.1706 0.1950 0.9659 -0.1705 0.1986 0.9651 -0.1701 0.2023 0.9644 -0.1695 0.2062 0.9637 -0.1687 0.2102 0.9630 -0.1676 0.2143 0.9623 -0.1664 0.2187 0.9615 -0.1649 0.2231 0.9607 -0.1632 0.2278 0.9599 -0.1612 0.2325 0.9591 -0.1591 0.2374 0.9583 -0.1569 0.2424 0.9574 -0.1545 0.2475 0.9565 -0.1520 0.2525 0.9556 -0.1494 0.2576 0.9546
dir neck-shP 0.9811 -0.0945 0.1690 0.9803 -0.1037 0.1681 0.9794 -0.1133 0.1671 0.9784 -0.1234 0.1661 0.9772 -0.1339 0.1649 0.9758 -0.1449 0.1635 0.9743 -0.1565 0.1620 0.9725 -0.1689 0.1601 0.9705 -0.1820 0.1580 0.9682 -0.1957 0.1556 0.9656 -0.2101 0.1530 0.9627 -0.2252 0.1500 0.9594 -0.2411 0.1466 0.9556 -0.2578 0.1429 0.9513 -0.2753 0.1388 0.9465 -0.2934 0.1344 0.9412 -0.3121 0.1298 0.9352 -0.3314 0.1248 0.9286 -0.3512 0.1196 0.9213 -0.3716 0.1143 0.9134 -0.3923 0.1088 0.9047 -0.4133 0.1033 0.8954 -0.4344 0.0978 0.8854 -0.4556 0.0925 0.8747 -0.4768 0.0873 0.8633 -0.4978 0.0825 0.8514 -0.5186 0.0780 0.8390 -0.5391 0.0740 0.8261 -0.5591 0.0706 0.8128 -0.5786 0.0677 0.7992 -0.5976 0.0654 0.7852 -0.6159 0.0640 0.7712 -0.6335 0.0633 0.7569 -0.6504 0.0632 0.7427 -0.6666 0.0639 0.7284 -0.6821 0.0652 0.7141 -0.6968 0.0672 0.7000 -0.7107 0.0699 0.6861 -0.7238 0.0730 0.6724 -0.7363 0.0765 0.6589 -0.7479 0.0803 0.6457 -0.7589 0.0843 0.6329 -0.7692 0.0883 0.6206 -0.7787 0.0922 0.6088 -0.7875 0.0959 0.5976 -0.7956 0.0993 0.5871 -0.8030 0.1023 0.5772 -0.8098 0.1048 0.5682 -0.8159 0.1068 0.5602 -0.8213 0.1081 0.5533 -0.8259 0.1089 0.5474 -0.8297 0.1090 0.5427 -0.8329 0.1087 0.5392 -0.8352 0.1079 0.5371 -0.8368 0.1067 0.5367 -0.8372 0.1051 0.5379 -0.8367 0.1033 0.5406 -0.8351 0.1015 0.5450 -0.8325 0.0998 0.5512 -0.8286 0.0983 0.5591 -0.8234 0.0971 0.5694 -0.8164 0.0964 0.5816 -0.8077 0.0964 0.5958 -0.7972 0.0971 0.6120 -0.7847 0.0987 0.6302 -0.7698 0.1012 0.6504 -0.7523 0.1048 0.6730 -0.7314 0.1099 0.6974 -0.7072 0.1162 0.7235 -0.6792 0.1237 0.7508 -0.6470 0.1326 0.7792 -0.6103 0.1428 0.8081 -0.5685 0.1543 0.8370 -0.5211 0.1671 0.8649 -0.4682 0.1809 0.8910 -0.4099 0.1952 0.9143 -0.3465 0.2098 0.9339 -0.2785 0.2243 0.9489 -0.2068 0.2384 0.9587 -0.1326 0.2515 0.9631 -0.0572 0.2631 0.9618 0.0179 0.2731 0.9553 0.0915 0.2812 0.9439 0.1624 0.2874 0.9286 0.2298 0.2915 0.9102 0.2922 0.2935 0.8895 0.3499 0.2938 0.8674 0.4026 0.2924 0.8445 0.4505 0.2896 0.8215 0.4936 0.2856 0.7988 0.5321 0.2805 0.7775 0.5658 0.2745 0.7574 0.5956 0.2677 0.7387 0.6218 0.2603 0.7216 0.6447 0.2525 0.7063 0.6645 0.2443 0.6928 0.6815 0.2359 0.6818 0.6953 0.2273 0.6728 0.7067 0.2187 0.6658 0.7159 0.2102 0.6607 0.7230 0.2018 0.6576 0.7281 0.1937 0.6564 0.7312 0.1858 0.6574 0.7321 0.1785 0.6601 0.7313 0.1717 0.6645 0.7288 0.1654 0.6703 0.7247 0.1596 0.6775 0.7191 0.1546 0.6860 0.7120 0.1501 0.6958 0.7031 0.1465 0.7065 0.6930 0.1436 0.7179 0.6816 0.1414 0.7299 0.6690 0.1399 0.7425 0.6553 0.1389 0.7554 0.6405 0.1386 0.7686 0.6245 0.1389 0.7819 0.6076 0.1398 0.7951 0.5898 0.1410 0.8083 0.5713 0.1427 0.8212 0.5520 0.1447 0.8339 0.5320 0.1469
dir neck-shN -0.9811 0.0945 -0.1690 -0.9803 0.1037 -0.1681 -0.9794 0.1133 -0.1671 -0.9784 0.1234 -0.1661 -0.9772 0.1339 -0.1649 -0.9758 0.1449 -0.1635 -0.9743 0.1565 -0.1620 -0.9725 0.1689 -0.1601 -0.9705 0.1820 -0.1580 -0.9682 0.1957 -0.1556 -0.9656 0.2101 -0.1530 -0.9627 0.2252 -0.1500 -0.9594 0.2411 -0.1466 -0.9556 0.2578 -0.1429 -0.9513 0.2753 -0.1388 -0.9465 0.2934 -0.1344 -0.9412 0.3121 -0.1298 -0.9352 0.3314 -0.1248 -0.9286 0.3512 -0.1196 -0.9213 0.3716 -0.1143 -0.9134 0.3923 -0.1088 -0.9047 0.4133 -0.1033 -0.8954 0.4344 -0.0978 -0.8854 0.4556 -0.0925 -0.8747 0.4768 -0.0873 -0.8633 0.4978 -0.0825 -0.8514 0.5186 -0.0780 -0.8390 0.5391 -0.0740 -0.8261 0.5591 -0.0706 -0.8128 0.5786 -0.0677 -0.7992 0.5976 -0.0654 -0.7852 0.6159 -0.0640 -0.7712 0.6335 -0.0633 -0.7569 0.6504 -0.0632 -0.7427 0.6666 -0.0639 -0.7284 0.6821 -0.0652 -0.7141 0.6968 -0.0672 -0.7000 0.7107 -0.0699 -0.6861 0.7238 -0.0730 -0.6724 0.7363 -0.0765 -0.6589 0.7479 -0.0803 -0.6457 0.7589 -0.0843 -0.6329 0.7692 -0.0883 -0.6206 0.7787 -0.0922 -0.6088 0.7875 -0.0959 -0.5976 0.7956 -0.0993 -0.5871 0.8030 -0.1023 -0.5772 0.8098 -0.1048 -0.5682 0.8159 -0.1068 -0.5602 0.8213 -0.1081 -0.5533 0.8259 -0.1089 -0.5474 0.8297 -0.1090 -0.5427 0.8329 -0.1087 -0.5392 0.8352 -0.1079 -0.5371 0.8368 -0.1067 -0.5367 0.8372 -0.1051 -0.5379 0.8367 -0.1033 -0.5406 0.8351 -0.1015 -0.5450 0.8325 -0.0998 -0.5512 0.8286 -0.0983 -0.5591 0.8234 -0.0971 -0.5694 0.8164 -0.0964 -0.5816 0.8077 -0.0964 -0.5958 0.7972 -0.0971 -0.6120 0.7847 -0.0987 -0.6302 0.7698 -0.1012 -0.6504 0.7523 -0.1048 -0.6730 0.7314 -0.1099 -0.6974 0.7072 -0.1162 -0.7235 0.6792 -0.1237 -0.7508 0.6470 -0.1326 -0.7792 0.6103 -0.1428 -0.8081 0.5685 -0.1543 -0.8370 0.5211 -0.1671 -0.8649 0.4682 -0.1809 -0.8910 0.4099 -0.1952 -0.9143 0.3465 -0.2098 -0.9339 0.2785 -0.2243 -0.9489 0.2068 -0.2384 -0.9587 0.1326 -0.2515 -0.9631 0.0572 -0.2631 -0.9618 -0.0179 -0.2731 -0.9553 -0.0915 -0.2812 -0.9439 -0.1624 -0.2874 -0.9286 -0.2298 -0.2915 -0.9102 -0.2922 -0.2935 -0.8895 -0.3499 -0.2938 -0.8674 -0.4026 -0.2924 -0.8445 -0.4505 -0.2896 -0.8215 -0.4936 -0.2856 -0.7988 -0.5321 -0.2805 -0.7775 -0.5658 -0.2745 -0.7574 -0.5956 -0.2677 -0.7387 -0.6218 -0.2603 -0.7216 -0.6447 -0.2525 -0.7063 -0.6645 -0.2443 -0.6928 -0.6815 -0.2359 -0.6818 -0.6953 -0.2273 -0.6728 -0.7067 -0.2187 -0.6658 -0.7159 -0.2102 -0.6607 -0.7230 -0.2018 -0.6576 -0.7281 -0.1937 -0.6564 -0.7312 -0.1858 -0.6574 -0.7321 -0.1785 -0.6601 -0.7313 -0.1717 -0.6645 -0.7288 -0.1654 -0.6703 -0.7247 -0.1596 -0.6775 -0.7191 -0.1546 -0.6860 -0.7120 -0.1501 -0.6958 -0.7031 -0.1465 -0.7065 -0.6930 -0.1436 -0.7179 -0.6816 -0.1414 -0.7299 -0.6690 -0.1399 -0.7425 -0.6553 -0.1389 -0.7554 -0.6405 -0.1386 -0.7686 -0.6245 -0.1389 -0.7819 -0.6076 -0.1398 -0.7951 -0.5898 -0.1410 -0.8083 -0.5713 -0.1427 -0.8212 -0.5520 -0.1447 -0.8339 -0.5320 -0.1469
dir shP-elP 0.2043 0.1266 -0.9707 0.2054 0.1261 -0.9705 0.2066 0.1251 -0.9704 0.2078 0.1236 -0.9703 0.2090 0.1215 -0.9703 0.2103 0.1189 -0.9704 0.2116 0.1156 -0.9705 0.2129 0.1115 -0.9707 0.2141 0.1068 -0.9710 0.2152 0.1015 -0.9713 0.2162 0.0956 -0.9717 0.2171 0.0891 -0.9721 0.2177 0.0820 -0.9726 0.2181 0.0743 -0.9731 0.2181 0.0661 -0.9737 0.2178 0.0576 -0.9743 0.2172 0.0488 -0.9749 0.2161 0.0398 -0.9756 0.2145 0.0306 -0.9762 0.2124 0.0213 -0.9770 0.2097 0.0121 -0.9777 0.2064 0.0029 -0.9785 0.2026 -0.0061 -0.9793 0.1981 -0.0149 -0.9801 0.1931 -0.0235 -0.9809 0.1872 -0.0318 -0.9818 0.1808 -0.0398 -0.9827 0.1737 -0.0476 -0.9836 0.1661 -0.0552 -0.9846 0.1578 -0.0627 -0.9855 0.1489 -0.0700 -0.9864 0.1393 -0.0772 -0.9872 0.1292 -0.0845 -0.9880 0.1186 -0.0920 -0.9887 0.1075 -0.0997 -0.9892 0.0961 -0.1077 -0.9895 0.0844 -0.1161 -0.9896 0.0726 -0.1252 -0.9895 0.0607 -0.1349 -0.9890 0.0491 -0.1452 -0.9882 0.0378 -0.1563 -0.9870 0.0272 -0.1680 -0.9854 0.0173 -0.1805 -0.9834 0.0089 -0.1937 -0.9810 0.0019 -0.2074 -0.9783 -0.0033 -0.2214 -0.9752 -0.0066 -0.2354 -0.9719 -0.0077 -0.2493 -0.9684 -0.0063 -0.2628 -0.9648 -0.0018 -0.2753 -0.9613 0.0053 -0.2866 -0.9580 0.0150 -0.2964 -0.9550 0.0273 -0.3043 -0.9522 0.0420 -0.3101 -0.9498 0.0588 -0.3135 -0.9478 0.0782 -0.3135 -0.9464 0.0991 -0.3106 -0.9454 0.1214 -0.3046 -0.9447 0.1446 -0.2954 -0.9444 0.1686 -0.2829 -0.9442 0.1931 -0.2669 -0.9442 0.2178 -0.2465 -0.9444 0.2422 -0.2224 -0.9444 0.2662 -0.1945 -0.9441 0.2895 -0.1627 -0.9433 0.3117 -0.1268 -0.9417 0.3327 -0.0865 -0.9391 0.3516 -0.0411 -0.9353 0.3683 0.0090 -0.9297 0.3824 0.0639 -0.9218 0.3933 0.1236 -0.9111 0.4005 0.1882 -0.8968 0.4032 0.2574 -0.8781 0.4000 0.3309 -0.8547 0.3909 0.4073 -0.8254 0.3752 0.4850 -0.7899 0.3527 0.5621 -0.7481 0.3235 0.6366 -0.7000 0.2881 0.7062 -0.6467 0.2470 0.7684 -0.5903 0.2023 0.8222 -0.5320 0.1556 0.8669 -0.4736 0.1081 0.9025 -0.4169 0.0611 0.9296 -0.3635 0.0152 0.9491 -0.3147 -0.0283 0.9615 -0.2733 -0.0693 0.9687 -0.2384 -0.1074 0.9717 -0.2104 -0.1424 0.9715 -0.1894 -0.1741 0.9690 -0.1754 -0.2024 0.9648 -0.1682 -0.2263 0.9593 -0.1692 -0.2464 0.9530 -0.1763 -0.2628 0.9461 -0.1892 -0.2752 0.9387 -0.2075 -0.2835 0.9307 -0.2309 -0.2878 0.9221 -0.2588 -0.2869 0.9125 -0.2916 -0.2819 0.9019 -0.3273 -0.2729 0.8900 -0.3653 -0.2601 0.8767 -0.4047 -0.2439 0.8618 -0.4448 -0.2246 0.8453 -0.4848 -0.2025 0.8273 -0.5240 -0.1787 0.8079 -0.5616 -0.1538 0.7871 -0.5973 -0.1283 0.7653 -0.6307 -0.1028 0.7426 -0.6618 -0.0777 0.7191 -0.6905 -0.0535 0.6951 -0.7169 -0.0304 0.6706 -0.7412 -0.0086 0.6456 -0.7636 0.0118 0.6202 -0.7843 0.0307 0.5944 -0.8036 0.0481 0.5681 -0.8216 0.0636 0.5413 -0.8384 0.0777 0.5142 -0.8542 0.0902 0.4866 -0.8690 0.1012 0.4587 -0.8828 0.1109 0.4305 -0.8957 0.1195 0.4024 -0.9076
dir elP-wrP -0.4454 0.8953 -0.0099 -0.4353 0.9001 -0.0199 -0.4246 0.9048 -0.0326 -0.4130 0.9095 -0.0480 -0.4004 0.9139 -0.0664 -0.3865 0.9181 -0.0880 -0.3711 0.9217 -0.1130 -0.3537 0.9245 -0.1423 -0.3343 0.9260 -0.1754 -0.3126 0.9259 -0.2120 -0.2884 0.9237 -0.2523 -0.2616 0.9187 -0.2960 -0.2321 0.9103 -0.3427 -0.1994 0.8978 -0.3928 -0.1641 0.8806 -0.4446 -0.1263 0.8583 -0.4973 -0.0866 0.8307 -0.5500 -0.0453 0.7976 -0.6015 -0.0031 0.7592 -0.6509 0.0393 0.7157 -0.6973 0.0810 0.6684 -0.7394 0.1213 0.6181 -0.7767 0.1595 0.5659 -0.8089 0.1951 0.5129 -0.8360 0.2278 0.4600 -0.8582 0.2573 0.4083 -0.8758 0.2839 0.3582 -0.8895 0.3076 0.3099 -0.8996 0.3287 0.2636 -0.9069 0.3477 0.2194 -0.9116 0.3647 0.1770 -0.9142 0.3801 0.1364 -0.9148 0.3943 0.0972 -0.9138 0.4076 0.0591 -0.9113 0.4201 0.0220 -0.9072 0.4323 -0.0143 -0.9016 0.4442 -0.0500 -0.8945 0.4566 -0.0851 -0.8856 0.4694 -0.1196 -0.8748 0.4829 -0.1534 -0.8621 0.4970 -0.1864 -0.8475 0.5120 -0.2183 -0.8308 0.5278 -0.2489 -0.8121 0.5450 -0.2775 -0.7912 0.5630 -0.3038 -0.7686 0.5818 -0.3276 -0.7445 0.6012 -0.3483 -0.7192 0.6212 -0.3659 -0.6930 0.6416 -0.3800 -0.6663 0.6627 -0.3896 -0.6395 0.6841 -0.3955 -0.6128 0.7057 -0.3974 -0.5866 0.7274 -0.3954 -0.5609 0.7492 -0.3896 -0.5357 0.7711 -0.3798 -0.5110 0.7935 -0.3651 -0.4869 0.8159 -0.3463 -0.4629 0.8385 -0.3232 -0.4388 0.8610 -0.2954 -0.4141 0.8833 -0.2626 -0.3884 0.9051 -0.2244 -0.3611 0.9263 -0.1793 -0.3314 0.9459 -0.1275 -0.2985 0.9628 -0.0685 -0.2614 0.9757 -0.0014 -0.2191 0.9826 0.0740 -0.1704 0.9808 0.1580 -0.1142 0.9671 0.2496 -0.0491 0.9378 0.3462 0.0248 0.8898 0.4438 0.1066 0.8211 0.5367 0.1941 0.7327 0.6186 0.2835 0.6284 0.6840 0.3705 0.5151 0.7286 0.4515 0.3998 0.7528 0.5229 0.2889 0.7589 0.5836 0.1864 0.7504 0.6341 0.0946 0.7311 0.6757 0.0143 0.7040 0.7100 -0.0537 0.6715 0.7391 -0.1111 0.6361 0.7635 -0.1589 0.5996 0.7844 -0.1982 0.5629 0.8024 -0.2299 0.5273 0.8180 -0.2559 0.4942 0.8309 -0.2782 0.4625 0.8419 -0.2975 0.4313 0.8517 -0.3145 0.4013 0.8603 -0.3297 0.3726 0.8674 -0.3438 0.3450 0.8733 -0.3565 0.3187 0.8783 -0.3670 0.2954 0.8821 -0.3763 0.2750 0.8847 -0.3846 0.2584 0.8862 -0.3924 0.2461 0.8863 -0.4000 0.2387 0.8849 -0.4078 0.2368 0.8818 -0.4163 0.2421 0.8764 -0.4258 0.2535 0.8686 -0.4363 0.2709 0.8580 -0.4479 0.2943 0.8442 -0.4604 0.3233 0.8267 -0.4736 0.3571 0.8051 -0.4874 0.3952 0.7786 -0.5011 0.4352 0.7480 -0.5145 0.4755 0.7136 -0.5272 0.5149 0.6760 -0.5392 0.5519 0.6361 -0.5506 0.5855 0.5950 -0.5617 0.6145 0.5539 -0.5727 0.6388 0.5137 -0.5839 0.6583 0.4750 -0.5957 0.6733 0.4380 -0.6080 0.6839 0.4032 -0.6209 0.6908 0.3704 -0.6343 0.6943 0.3401 -0.6477 0.6952 0.3118 -0.6610 0.6941 0.2852 -0.6742 0.6912 0.2601 -0.6871 0.6870 0.2365 -0.6993 0.6819 0.2144
dir shN-elN 0.0842 0.1731 -0.9813 0.0790 0.1836 -0.9798 0.0733 0.1941 -0.9782 0.0673 0.2046 -0.9765 0.0608 0.2150 -0.9747 0.0540 0.2253 -0.9728 0.0470 0.2353 -0.9708 0.0397 0.2451 -0.9687 0.0324 0.2545 -0.9665 0.0252 0.2636 -0.9643 0.0180 0.2723 -0.9620 0.0111 0.2806 -0.9598 0.0044 0.2883 -0.9575 -0.0017 0.2954 -0.9554 -0.0073 0.3020 -0.9533 -0.0121 0.3078 -0.9514 -0.0163 0.3130 -0.9496 -0.0195 0.3174 -0.9481 -0.0217 0.3210 -0.9468 -0.0225 0.3235 -0.9459 -0.0222 0.3252 -0.9454 -0.0206 0.3259 -0.9452 -0.0177 0.3256 -0.9453 -0.0136 0.3243 -0.9459 -0.0083 0.3220 -0.9467 -0.0016 0.3183 -0.9480 0.0061 0.3135 -0.9496 0.0146 0.3077 -0.9514 0.0236 0.3008 -0.9534 0.0331 0.2930 -0.9555 0.0427 0.2842 -0.9578 0.0522 0.2745 -0.9602 0.0612 0.2641 -0.9626 0.0695 0.2533 -0.9649 0.0768 0.2421 -0.9672 0.0830 0.2307 -0.9695 0.0880 0.2194 -0.9717 0.0910 0.2083 -0.9738 0.0924 0.1976 -0.9759 0.0920 0.1875 -0.9779 0.0898 0.1782 -0.9799 0.0858 0.1698 -0.9817 0.0800 0.1624 -0.9835 0.0720 0.1565 -0.9851 0.0624 0.1520 -0.9864 0.0512 0.1489 -0.9875 0.0387 0.1474 -0.9883 0.0250 0.1476 -0.9887 0.0102 0.1493 -0.9887 -0.0053 0.1532 -0.9882 -0.0211 0.1588 -0.9871 -0.0369 0.1659 -0.9855 -0.0524 0.1745 -0.9833 -0.0673 0.1846 -0.9805 -0.0813 0.1960 -0.9772 -0.0940 0.2089 -0.9734 -0.1053 0.2228 -0.9692 -0.1152 0.2377 -0.9645 -0.1236 0.2533 -0.9595 -0.1306 0.2695 -0.9541 -0.1361 0.2863 -0.9484 -0.1401 0.3035 -0.9425 -0.1432 0.3209 -0.9362 -0.1454 0.3383 -0.9297 -0.1472 0.3557 -0.9229 -0.1488 0.3728 -0.9159 -0.1507 0.3897 -0.9085 -0.1534 0.4058 -0.9010 -0.1574 0.4212 -0.8932 -0.1632 0.4357 -0.8852 -0.1712 0.4492 -0.8769 -0.1821 0.4613 -0.8684 -0.1964 0.4718 -0.8595 -0.2157 0.4797 -0.8505 -0.2398 0.4851 -0.8409 -0.2694 0.4874 -0.8306 -0.3048 0.4860 -0.8191 -0.3463 0.4802 -0.8059 -0.3940 0.4692 -0.7904 -0.4482 0.4512 -0.7717 -0.5068 0.4266 -0.7491 -0.5680 0.3949 -0.7221 -0.6298 0.3562 -0.6903 -0.6896 0.3110 -0.6540 -0.7452 0.2605 -0.6139 -0.7942 0.2061 -0.5717 -0.8352 0.1503 -0.5290 -0.8679 0.0950 -0.4876 -0.8926 0.0417 -0.4489 -0.9100 -0.0085 -0.4145 -0.9213 -0.0547 -0.3849 -0.9272 -0.0963 -0.3621 -0.9291 -0.1334 -0.3448 -0.9281 -0.1663 -0.3330 -0.9248 -0.1953 -0.3265 -0.9196 -0.2209 -0.3249 -0.9128 -0.2433 -0.3281 -0.9042 -0.2626 -0.3368 -0.8942 -0.2795 -0.3498 -0.8826 -0.2943 -0.3667 -0.8692 -0.3072 -0.3873 -0.8540 -0.3184 -0.4114 -0.8366 -0.3280 -0.4388 -0.8165 -0.3358 -0.4697 -0.7936 -0.3422 -0.5030 -0.7678 -0.3472 -0.5384 -0.7388 -0.3508 -0.5754 -0.7064 -0.3529 -0.6135 -0.6706 -0.3537 -0.6521 -0.6315 -0.3529 -0.6905 -0.5893 -0.3506 -0.7278 -0.5446 -0.3468 -0.7636 -0.4976 -0.3415 -0.7974 -0.4489 -0.3346 -0.8285 -0.3991 -0.3263 -0.8569 -0.3491 -0.3167 -0.8819 -0.2994 -0.3062 -0.9036 -0.2506 -0.2950 -0.9221 -0.2032 -0.2833 -0.9373 -0.1578 -0.2714 -0.9494 -0.1148 -0.2594 -0.9589
dir elN-wrN 0.3153 0.9103 -0.2684 0.3218 0.9107 -0.2591 0.3289 0.9106 -0.2502 0.3369 0.9099 -0.2420 0.3459 0.9085 -0.2344 0.3559 0.9064 -0.2276 0.3670 0.9035 -0.2215 0.3796 0.8995 -0.2165 0.3934 0.8944 -0.2126 0.4084 0.8884 -0.2098 0.4247 0.8811 -0.2080 0.4422 0.8727 -0.2071 0.4609 0.8629 -0.2071 0.4813 0.8515 -0.2081 0.5030 0.8385 -0.2096 0.5259 0.8238 -0.2114 0.5503 0.8072 -0.2135 0.5761 0.7884 -0.2157 0.6034 0.7671 -0.2180 0.6321 0.7427 -0.2208 0.6618 0.7154 -0.2239 0.6921 0.6851 -0.2272 0.7224 0.6517 -0.2309 0.7524 0.6155 -0.2348 0.7814 0.5764 -0.2389 0.8091 0.5347 -0.2436 0.8350 0.4909 -0.2486 0.8586 0.4454 -0.2540 0.8796 0.3984 -0.2599 0.8979 0.3505 -0.2664 0.9132 0.3022 -0.2736 0.9252 0.2539 -0.2818 0.9342 0.2062 -0.2910 0.9402 0.1593 -0.3011 0.9432 0.1137 -0.3122 0.9433 0.0696 -0.3245 0.9408 0.0271 -0.3379 0.9355 -0.0132 -0.3532 0.9277 -0.0514 -0.3698 0.9175 -0.0875 -0.3880 0.9051 -0.1212 -0.4075 0.8906 -0.1525 -0.4285 0.8740 -0.1814 -0.4509 0.8555 -0.2070 -0.4747 0.8354 -0.2297 -0.4993 0.8143 -0.2493 -0.5241 0.7926 -0.2656 -0.5488 0.7708 -0.2784 -0.5731 0.7494 -0.2874 -0.5965 0.7295 -0.2915 -0.6188 0.7113 -0.2913 -0.6397 0.6952 -0.2867 -0.6592 0.6816 -0.2775 -0.6770 0.6707 -0.2638 -0.6932 0.6627 -0.2453 -0.7076 0.6583 -0.2210 -0.7195 0.6569 -0.1919 -0.7291 0.6583 -0.1579 -0.7360 0.6624 -0.1189 -0.7397 0.6687 -0.0747 -0.7398 0.6770 -0.0250 -0.7355 0.6875 0.0310 -0.7255 0.6987 0.0927 -0.7094 0.7096 0.1602 -0.6861 0.7194 0.2334 -0.6542 0.7267 0.3118 -0.6121 0.7301 0.3945 -0.5579 0.7282 0.4796 -0.4896 0.7188 0.5639 -0.4067 0.7004 0.6435 -0.3088 0.6722 0.7136 -0.1975 0.6340 0.7695 -0.0767 0.5867 0.8085 0.0462 0.5315 0.8310 0.1644 0.4701 0.8386 0.2751 0.4039 0.8330 0.3782 0.3355 0.8132 0.4756 0.2672 0.7823 0.5627 0.1967 0.7459 0.6364 0.1222 0.7058 0.6978 0.0448 0.6616 0.7485 -0.0351 0.6133 0.7890 -0.1170 0.5606 0.8198 -0.1999 0.5031 0.8408 -0.2820 0.4412 0.8519 -0.3624 0.3767 0.8525 -0.4392 0.3111 0.8428 -0.5114 0.2459 0.8234 -0.5780 0.1827 0.7953 -0.6385 0.1228 0.7597 -0.6928 0.0668 0.7180 -0.7408 0.0161 0.6715 -0.7824 -0.0297 0.6221 -0.8173 -0.0703 0.5719 -0.8459 -0.1052 0.5228 -0.8694 -0.1341 0.4756 -0.8889 -0.1571 0.4304 -0.9054 -0.1737 0.3874 -0.9197 -0.1853 0.3462 -0.9323 -0.1923 0.3063 -0.9437 -0.1948 0.2673 -0.9541 -0.1925 0.2294 -0.9635 -0.1854 0.1930 -0.9720 -0.1727 0.1595 -0.9796 -0.1552 0.1280 -0.9862 -0.1330 0.0983 -0.9918 -0.1063 0.0703 -0.9962 -0.0752 0.0437 -0.9990 -0.0395 0.0186 -1.0000 0.0017 -0.0048 -0.9984 0.0486 -0.0273 -0.9936 0.1017 -0.0496 -0.9842 0.1615 -0.0723 -0.9689 0.2280 -0.0960 -0.9461 0.3004 -0.1212 -0.9144 0.3769 -0.1476 -0.8734 0.4546 -0.1747 -0.8234 0.5306 -0.2012 -0.7658 0.6020 -0.2263 -0.7023 0.6667 -0.2495 -0.6352 0.7233 -0.2708
dir neck-head 0.1997 0.8624 0.4652 0.2027 0.8618 0.4649 0.2060 0.8613 0.4644 0.2096 0.8608 0.4638 0.2135 0.8603 0.4629 0.2176 0.8598 0.4619 0.2221 0.8594 0.4606 0.2271 0.8589 0.4591 0.2324 0.8584 0.4573 0.2380 0.8580 0.4552 0.2441 0.8575 0.4529 0.2504 0.8570 0.4503 0.2572 0.8565 0.4475 0.2643 0.8560 0.4443 0.2718 0.8554 0.4409 0.2795 0.8549 0.4372 0.2874 0.8542 0.4332 0.2955 0.8536 0.4290 0.3038 0.8529 0.4246 0.3122 0.8522 0.4198 0.3207 0.8515 0.4149 0.3292 0.8507 0.4099 0.3375 0.8499 0.4046 0.3458 0.8491 0.3992 0.3540 0.8483 0.3937 0.3619 0.8476 0.3881 0.3695 0.8469 0.3824 0.3769 0.8462 0.3767 0.3841 0.8455 0.3710 0.3909 0.8449 0.3653 0.3974 0.8443 0.3596 0.4036 0.8437 0.3539 0.4096 0.8432 0.3483 0.4153 0.8426 0.3428 0.4208 0.8421 0.3374 0.4262 0.8415 0.3321 0.4315 0.8408 0.3269 0.4368 0.8400 0.3219 0.4422 0.8390 0.3170 0.4478 0.8379 0.3122 0.4536 0.8365 0.3075 0.4597 0.8348 0.3030 0.4661 0.8328 0.2986 0.4731 0.8304 0.2943 0.4806 0.8276 0.2901 0.4887 0.8243 0.2860 0.4972 0.8205 0.2820 0.5063 0.8162 0.2781 0.5160 0.8115 0.2743 0.5263 0.8061 0.2707 0.5370 0.8002 0.2671 0.5481 0.7938 0.2636 0.5594 0.7870 0.2602 0.5710 0.7797 0.2570 0.5826 0.7721 0.2539 0.5941 0.7642 0.2510 0.6054 0.7562 0.2484 0.6163 0.7481 0.2460 0.6267 0.7401 0.2439 0.6365 0.7323 0.2421 0.6456 0.7248 0.2406 0.6536 0.7179 0.2397 0.6605 0.7117 0.2393 0.6663 0.7062 0.2393 0.6709 0.7017 0.2399 0.6741 0.6982 0.2410 0.6759 0.6958 0.2428 0.6757 0.6951 0.2453 0.6738 0.6959 0.2485 0.6700 0.6981 0.2524 0.6642 0.7020 0.2569 0.6562 0.7076 0.2621 0.6459 0.7149 0.2679 0.6325 0.7242 0.2745 0.6165 0.7353 0.2816 0.5974 0.7480 0.2891 0.5753 0.7621 0.2969 0.5499 0.7776 0.3049 0.5212 0.7940 0.3129 0.4891 0.8112 0.3205 0.4541 0.8286 0.3276 0.4164 0.8456 0.3339 0.3767 0.8620 0.3392 0.3355 0.8772 0.3433 0.2936 0.8911 0.3460 0.2525 0.9032 0.3470 0.2125 0.9137 0.3465 0.1743 0.9224 0.3445 0.1387 0.9297 0.3412 0.1059 0.9356 0.3368 0.0765 0.9404 0.3314 0.0514 0.9443 0.3251 0.0299 0.9475 0.3183 0.0119 0.9502 0.3113 -0.0027 0.9526 0.3041 -0.0141 0.9548 0.2971 -0.0225 0.9567 0.2902 -0.0275 0.9584 0.2839 -0.0302 0.9600 0.2783 -0.0310 0.9614 0.2733 -0.0300 0.9627 0.2691 -0.0276 0.9636 0.2658 -0.0241 0.9644 0.2634 -0.0196 0.9648 0.2624 -0.0147 0.9648 0.2624 -0.0097 0.9646 0.2635 -0.0046 0.9640 0.2657 0.0003 0.9631 0.2690 0.0049 0.9619 0.2734 0.0090 0.9603 0.2790 0.0126 0.9583 0.2855 0.0157 0.9560 0.2928 0.0184 0.9535 0.3008 0.0206 0.9507 0.3095 0.0223 0.9476 0.3188 0.0237 0.9442 0.3285 0.0248 0.9407 0.3385 0.0257 0.9369 0.3486 0.0264 0.9331 0.3587 0.0272 0.9291 0.3687 0.0280 0.9252 0.3786
pelvis 0.0273 0.0610 0.8774 0.0273 0.0610 0.8774 0.0273 0.0609 0.8774 0.0273 0.0609 0.8774 0.0273 0.0609 0.8774 0.0273 0.0609 0.8774 0.0273 0.0609 0.8774 0.0273 0.0609 0.8774 0.0273 0.0609 0.8774 0.0273 0.0609 0.8774 0.0273 0.0609 0.8774 0.0273 0.0608 0.8774 0.0273 0.0608 0.8774 0.0273 0.0608 0.8774 0.0274 0.0608 0.8773 0.0274 0.0608 0.8773 0.0274 0.0608 0.8773 0.0274 0.0608 0.8773 0.0274 0.0608 0.8773 0.0274 0.0608 0.8773 0.0274 0.0607 0.8773 0.0274 0.0607 0.8772 0.0275 0.0607 0.8772 0.0275 0.0607 0.8772 0.0275 0.0607 0.8772 0.0275 0.0607 0.8772 0.0275 0.0607 0.8772 0.0276 0.0607 0.8772 0.0276 0.0607 0.8772 0.0276 0.0607 0.8772 0.0276 0.0606 0.8772 0.0277 0.0606 0.8772 0.0277 0.0606 0.8772 0.0277 0.0606 0.8772 0.0277 0.0606 0.8772 0.0278 0.0606 0.8773 0.0278 0.0606 0.8773 0.0278 0.0606 0.8773 0.0279 0.0607 0.8773 0.0279 0.0607 0.8774 0.0279 0.0607 0.8774 0.0280 0.0607 0.8775 0.0280 0.0607 0.8775 0.0280 0.0607 0.8775 0.0281 0.0607 0.8776 0.0281 0.0607 0.8776 0.0281 0.0607 0.8777 0.0282 0.0607 0.8777 0.0282 0.0607 0.8777 0.0282 0.0607 0.8778 0.0282 0.0607 0.8778 0.0282 0.0607 0.8778 0.0282 0.0607 0.8778 0.0282 0.0607 0.8778 0.0282 0.0607 0.8778 0.0282 0.0607 0.8778 0.0282 0.0606 0.8778 0.0282 0.0606 0.8778 0.0281 0.0606 0.8778 0.0281 0.0605 0.8778 0.0281 0.0605 0.8777 0.0280 0.0605 0.8777 0.0280 0.0604 0.8777 0.0280 0.0604 0.8776 0.0279 0.0603 0.8776 0.0279 0.0603 0.8775 0.0279 0.0603 0.8775 0.0278 0.0602 0.8775 0.0278 0.0602 0.8774 0.0277 0.0601 0.8774 0.0277 0.0601 0.8774 0.0277 0.0601 0.8774 0.0276 0.0600 0.8774 0.0276 0.0600 0.8774 0.0276 0.0600 0.8774 0.0276 0.0600 0.8774 0.0276 0.0600 0.8774 0.0275 0.0600 0.8775 0.0275 0.0600 0.8775 0.0275 0.0600 0.8776 0.0275 0.0600 0.8776 0.0275 0.0600 0.8777 0.0275 0.0600 0.8777 0.0275 0.0601 0.8778 0.0275 0.0601 0.8778 0.0275 0.0601 0.8779 0.0274 0.0601 0.8780 0.0274 0.0602 0.8780 0.0274 0.0602 0.8781 0.0274 0.0602 0.8781 0.0274 0.0603 0.8782 0.0274 0.0603 0.8782 0.0274 0.0603 0.8783 0.0273 0.0603 0.8783 0.0273 0.0603 0.8783 0.0273 0.0604 0.8784 0.0273 0.0604 0.8784 0.0273 0.0604 0.8784 0.0273 0.0604 0.8784 0.0272 0.0604 0.8784 0.0272 0.0604 0.8784 0.0272 0.0604 0.8784 0.0272 0.0605 0.8784 0.0272 0.0605 0.8783 0.0272 0.0605 0.8783 0.0272 0.0605 0.8783 0.0272 0.0605 0.8783 0.0272 0.0605 0.8783 0.0272 0.0605 0.8782 0.0272 0.0605 0.8782 0.0272 0.0605 0.8782 0.0272 0.0606 0.8782 0.0272 0.0606 0.8781 0.0272 0.0606 0.8781 0.0272 0.0606 0.8781 0.0272 0.0607 0.8781 0.0272 0.0607 0.8780 0.0273 0.0607 0.8780 0.0273 0.0607 0.8780 0.0273 0.0608 0.8780 0.0273 0.0608 0.8779
len pelvis-hipP 0.1165
len pelvis-hipN 0.1165
len hipP-knP 0.3521
len knP-anP 0.4362
len hipN-knN 0.3960
len knN-anN 0.4020
len pelvis-neck 0.4720
len neck-shP 0.1306
len neck-shN 0.1306
len shP-elP 0.2801
len elP-wrP 0.2125
len shN-elN 0.2032
len elN-wrN 0.1803
len neck-head 0.2662
stat sh_turn 88.3480 19.1658
stat wrist_rise 0.6499 0.1537
stat elbow_imp 99.8275 8.0683
stat elbow_bs 128.4085 13.3365
stat upperarm_imp 35.4865 9.8259
stat knee_bs 48.8895 9.8948
stat lean_bs 22.8497 11.4968
stat pel_turn 39.3376 12.0731
